-1.171630000000000038e+01 9.168539999999999468e-01
-5.183790000000000120e+00 -6.016070000000000029e+00
-7.492460000000000342e+00 4.974940000000000140e+00
2.774389999999999912e+00 4.396289999999999587e+00
-1.010629999999999917e+01 -3.580630000000000202e+00
6.881270000000000442e-01 -5.823990000000000222e+00
-4.273789999999999978e+00 6.777969999999999828e-01
5.264109999999999623e+00 -1.087229999999999919e+00
-9.934419999999999362e+00 2.543759999999999799e+00
-2.600919999999999899e+00 -9.124489999999999545e-01
-2.705020000000000202e+00 7.112210000000000143e+00
4.055620000000000225e+00 6.440129999999999910e+00
-6.560819999999999652e+00 -1.999039999999999928e+00
3.405600000000000183e+00 -2.395059999999999967e+00
1.237840000000000051e+00 4.172080000000000233e-01
7.141029999999999767e+00 7.436650000000000205e-01
-8.711430000000000007e+00 4.331420000000000270e-01
-3.299859999999999793e+00 -4.873700000000000365e+00
-5.359589999999999854e+00 4.096479999999999677e+00
3.673210000000000086e+00 2.351729999999999876e+00
-7.648579999999999934e+00 -4.328899999999999970e+00
2.780040000000000067e+00 -6.646709999999999674e+00
-1.454730000000000079e+00 3.421079999999999899e+00
7.602020000000000444e+00 -3.456809999999999938e+00
-5.676590000000000025e+00 2.050739999999999785e+00
5.856059999999999599e-01 -3.440529999999999866e+00
6.055500000000000327e-01 3.986959999999999837e+00
8.087339999999999307e+00 3.803780000000000161e+00
-3.416949999999999932e+00 -2.875910000000000188e+00
4.489740000000000286e+00 -4.937319999999999709e+00
3.220950000000000202e+00 -2.772240000000000121e-02
9.570230000000000459e+00 -4.153319999999999790e-01
-1.053289999999999971e+01 -1.056910000000000016e+00
-2.518079999999999874e+00 -6.975340000000000096e+00
-5.121010000000000062e+00 6.355480000000000018e+00
4.905170000000000030e+00 4.313349999999999795e+00
-8.527340000000000586e+00 -1.951559999999999961e+00
2.472780000000000200e+00 -4.319359999999999644e+00
-2.261400000000000077e+00 1.079550000000000010e+00
7.448550000000000004e+00 -1.305770000000000097e+00
-7.689879999999999605e+00 2.630020000000000024e+00
-5.615639999999999521e-01 -7.690590000000000481e-01
-8.280589999999999895e-01 5.704959999999999809e+00
6.676020000000000287e+00 5.627259999999999707e+00
-4.710110000000000241e+00 -1.239870000000000028e+00
5.504470000000000418e+00 -3.141099999999999781e+00
1.689349999999999907e+00 2.329029999999999934e+00
8.975310000000000343e+00 1.684609999999999941e+00
-6.572600000000000442e+00 1.382230000000000125e-01
-1.216539999999999955e+00 -4.924299999999999677e+00
-3.151079999999999881e+00 4.912020000000000053e+00
6.208980000000000388e+00 2.764330000000000176e+00
-5.412609999999999921e+00 -3.765779999999999905e+00
5.058659999999999712e+00 -7.191919999999999646e+00
-3.778039999999999732e-01 1.616179999999999950e+00
9.666100000000000136e+00 -2.630710000000000104e+00
-3.524410000000000043e+00 2.755459999999999798e+00
1.438239999999999963e+00 -1.598319999999999963e+00
1.506950000000000012e+00 6.280540000000000234e+00
1.046889999999999965e+01 3.364320000000000199e+00
-1.343480000000000008e+00 -2.782919999999999838e+00
6.724249999999999616e+00 -5.489819999999999922e+00
5.102000000000000313e+00 9.356339999999999657e-01
1.146330000000000027e+01 1.102440000000000087e+00
