-1.089359999999999928e+01 -1.142279999999999962e-01
-2.134319999999999951e+01 1.061860000000000070e+01
-1.911929999999999907e+01 -1.284520000000000017e+01
8.408820000000000405e+00 -2.826409999999999911e+01
-5.179359999999999964e+00 2.542030000000000101e+01
-2.424090000000000078e+00 -2.629840000000000089e+01
-1.478509999999999991e+00 7.849540000000000184e+00
-2.776839999999999975e+01 7.276299999999999990e+00
-2.570710000000000051e+01 -2.675089999999999968e+00
2.972999999999999865e+00 -2.144540000000000113e+00
-1.720589999999999975e+01 2.013579999999999970e+01
-1.637130000000000152e+01 -2.123179999999999978e+01
-1.032450000000000045e+01 -1.167589999999999906e+00
-2.063250000000000028e+01 3.400539999999999896e+00
-1.661250000000000071e+01 -1.448489999999999966e+01
2.167060000000000208e+00 -5.131899999999999906e+00
-1.183980000000000032e+01 2.581360000000000099e+01
-7.776250000000000107e+00 -1.722540000000000049e+01
7.732529999999999681e+00 5.148769999999999847e+00
-2.395260000000000034e+01 2.673880000000000035e+00
-1.499029999999999951e+01 -1.332510000000000083e+00
1.191499999999999915e+01 -2.635950000000000237e-01
1.322160000000000046e+01 2.605020000000000024e+01
-5.320319999999999716e+00 -1.033849999999999936e+00
-6.617939999999999934e+00 -2.303129999999999900e+00
-1.890119999999999933e+01 8.916000000000000369e+00
-2.294800000000000040e+01 -6.522619999999999862e+00
5.446469999999999700e+00 -2.961890000000000001e+01
-1.092409999999999926e+01 2.098209999999999908e+01
-5.374279999999999724e+00 -1.815850000000000009e+01
-7.919669999999999987e+00 1.286020000000000074e+01
-1.431359999999999921e+01 5.494160000000000155e-01
-2.750339999999999918e+01 5.290969999999999729e+00
6.673160000000000203e+00 3.858320000000000083e-01
-1.034290000000000020e+01 1.094120000000000026e+01
-5.937039999999999651e+00 -8.624890000000000612e+00
-9.484989999999999810e+00 1.178180000000000049e+01
-1.094580000000000020e+01 2.348499999999999943e+01
-6.760329999999999728e+00 -2.642569999999999908e+01
1.135319999999999929e+01 -2.716400000000000148e+00
-6.147809999999999775e+00 1.620479999999999876e+01
3.667110000000000092e+00 -1.342450000000000010e+01
1.157900000000000063e+01 1.020110000000000028e+01
-1.115320000000000000e+01 2.948040000000000216e+00
-1.457000000000000028e+01 1.598360000000000003e+00
2.067409999999999926e+01 1.839069999999999894e+01
1.049949999999999939e+01 1.527040000000000042e+01
2.351960000000000051e+00 -8.558419999999999916e+00
-1.310210000000000008e+01 -8.700549999999999784e+00
-2.135330000000000084e+01 2.096450000000000102e+01
-1.080339999999999989e+01 -2.170479999999999876e+01
2.550650000000000084e+00 -1.960269999999999868e+01
-5.770050000000000345e+00 2.003359999999999985e+01
-1.643909999999999982e+00 -2.068299999999999983e+01
-1.262720000000000065e+00 5.140959999999999752e+00
-2.628280000000000172e+01 -6.460139999999999771e-01
-2.300430000000000064e+01 -1.110599999999999987e+01
9.236530000000000129e+00 2.367469999999999963e+00
-1.226650000000000063e+01 6.909849999999999604e+00
-4.616319999999999979e+00 -9.571360000000000312e+00
4.718770000000000131e+00 -1.889629999999999921e-01
-2.190599999999999881e+01 1.851140000000000008e+00
-1.499559999999999960e+01 -1.383339999999999925e+01
3.611940000000000150e+00 -7.119699999999999918e+00
-3.136689999999999756e-01 2.018370000000000175e+01
-2.142689999999999984e+00 -1.280930000000000035e+01
3.291799999999999837e+00 2.701810000000000045e+00
-1.121199999999999974e+01 1.019100000000000072e+01
-7.981679999999999886e+00 -1.116709999999999958e+01
1.090649999999999942e+01 -1.018430000000000035e+01
1.305899999999999928e+01 2.383899999999999864e+01
-1.143100000000000005e+00 -4.078619999999999912e+00
-4.015839999999999854e+00 -1.592449999999999921e+00
-1.059019999999999939e+01 1.349750000000000050e+01
-6.878350000000000186e+00 -2.320619999999999905e+01
1.790769999999999840e+01 -1.732069999999999865e+01
1.008849999999999980e+01 2.565230000000000032e+01
5.386779999999999902e-01 -1.978590000000000160e+01
1.916870000000000074e+00 4.720589999999999620e+00
-6.346390000000000420e+00 3.492459999999999898e+00
-2.222419999999999973e+01 -7.974040000000000017e-01
1.562110000000000021e+01 4.097680000000000433e+00
2.223329999999999806e+00 1.463199999999999967e+01
-2.414229999999999876e+00 -4.875519999999999854e+00
2.424319999999999808e+00 3.367799999999999905e+00
-1.274269999999999925e+01 1.215329999999999977e+01
-7.043040000000000411e+00 -1.322090000000000032e+01
8.077370000000000161e+00 -1.076280000000000037e+01
4.473709999999999631e+00 1.102919999999999945e+01
1.004690000000000027e-01 -1.848460000000000036e+01
1.282510000000000083e+01 9.074419999999999931e+00
-6.572919999999999874e+00 6.925900000000000389e+00
-1.155150000000000077e+01 -6.528900000000000148e+00
1.647769999999999868e+01 -4.493570000000000064e+00
1.110379999999999967e+01 1.057329999999999970e+01
3.821499999999999897e+00 -5.218230000000000146e+00
-6.229079999999999728e+00 -3.700549999999999784e+00
-2.341329999999999956e+01 8.866519999999999513e+00
-2.680229999999999890e+01 -7.643670000000000186e+00
6.715010000000000367e+00 -1.807929999999999993e+01
-3.856370000000000076e+00 2.183099999999999952e+01
-4.326979999999999826e+00 -1.910670000000000002e+01
3.973959999999999937e+00 4.859910000000000174e+00
-1.786179999999999879e+01 5.970509999999999984e+00
-2.957120000000000104e+01 1.294370000000000021e+00
7.389660000000000117e+00 4.332449999999999690e+00
-1.231739999999999924e+01 1.589559999999999995e+01
-4.650990000000000180e+00 -1.080560000000000009e+01
-4.914049999999999585e+00 5.599129999999999718e+00
-8.486929999999999197e+00 5.339730000000000310e+00
-1.529969999999999963e+01 -1.640549999999999997e+01
4.485520000000000174e+00 -6.647249999999999659e+00
-2.405370000000000008e+00 1.619910000000000139e+01
-8.786979999999999791e-01 -1.116820000000000057e+01
5.207220000000000404e+00 1.904770000000000074e+00
-1.289520000000000088e+01 1.885139999999999871e-01
-1.375849999999999973e+01 -1.024469999999999992e+01
1.325880000000000081e+01 1.975909999999999889e-01
4.735490000000000421e+00 1.847360000000000113e+01
-3.859539999999999971e+00 -3.722039999999999793e+00
-7.789240000000000386e+00 -4.280820000000000292e+00
-1.578069999999999951e+01 1.170930000000000071e+01
-2.090380000000000038e+01 -9.185249999999999915e+00
1.663729999999999931e+00 -1.430770000000000053e+01
-8.374800000000000466e+00 2.001170000000000115e+01
-5.493590000000000195e+00 -1.675929999999999964e+01
1.150600000000000067e+00 8.400249999999999773e+00
-5.028400000000000425e+00 3.793010000000000215e+00
-1.772200000000000131e+01 -5.033819999999999961e-01
1.208280000000000065e+01 3.862709999999999866e+00
-2.736380000000000035e+00 6.281439999999999912e+00
-6.093280000000000030e+00 -4.816909999999999803e-01
-5.679939999999999989e-01 8.511589999999999989e-01
-8.090870000000000672e+00 1.485330000000000084e+01
-1.341099999999999959e+01 -1.643759999999999977e+01
8.506669999999999732e+00 -3.504719999999999835e+00
-1.701989999999999892e+00 9.545899999999999608e+00
-3.417650000000000077e+00 -1.080289999999999928e+01
9.115640000000000853e+00 5.226090000000000124e+00
-9.473399999999999821e+00 5.512260000000000382e+00
-1.158360000000000056e+01 -4.620580000000000354e+00
1.868459999999999965e+01 7.758919999999999817e+00
8.522940000000000182e+00 6.682479999999999976e+00
2.977500000000000036e+00 -2.548239999999999839e+00
-5.080429999999999779e+00 1.230280000000000040e+00
-1.980649999999999977e+01 1.390779999999999994e+01
-1.911769999999999925e+01 -2.031779999999999831e+01
1.195529999999999937e+01 -1.501260000000000083e+01
1.647359999999999935e+00 1.920319999999999894e+01
7.739230000000000054e+00 -2.295710000000000051e+01
-1.993260000000000032e+00 -8.636779999999999458e-01
-1.058680000000000021e+01 1.347010000000000041e+00
-1.958879999999999910e+01 -7.802870000000000417e+00
6.005300000000000082e+00 -2.577710000000000168e+00
-3.410260000000000069e+00 8.600949999999999207e+00
-1.228210000000000024e+00 -5.387500000000000178e+00
6.904479999999999507e-01 6.561350000000000238e-01
-1.630640000000000001e+01 6.805749999999999744e+00
-1.103609999999999935e+01 -1.530569999999999986e+01
6.743750000000000355e+00 -3.331329999999999902e+00
-1.299490000000000034e+00 1.556450000000000067e+01
-3.944809999999999928e+00 -1.125309999999999988e+01
6.685920000000000307e+00 1.938770000000000104e+00
-7.887870000000000381e+00 7.091510000000000424e+00
-9.023210000000000397e-01 -7.673849999999999838e+00
1.564520000000000088e+01 -7.875409999999999577e+00
1.407469999999999999e+01 1.490980000000000061e+01
5.387529999999999930e+00 -1.902260000000000062e+00
4.381090000000000262e-01 -3.028150000000000008e-01
-1.684359999999999857e+01 1.819859999999999900e+01
-7.329419999999999824e+00 -9.898139999999999716e+00
2.318939999999999912e+01 -1.429010000000000069e+01
5.131470000000000198e-01 1.559379999999999988e+01
6.942739999999999689e+00 -1.604520000000000124e+01
1.581599999999999895e+00 6.865840000000000387e+00
-9.165410000000000501e-01 7.226080000000000281e-01
-1.638680000000000092e+01 -1.578969999999999985e+00
1.670339999999999847e+01 8.499470000000000081e-01
2.997479999999999922e+00 1.985530000000000017e+00
4.970920000000000200e-02 -4.027110000000000412e+00
1.522710000000000008e+00 1.086750000000000105e+00
-2.492669999999999941e+00 3.052599999999999980e+00
3.271259999999999835e+00 -1.259070000000000000e+01
9.906269999999999243e+00 -5.321609999999999729e+00
6.790619999999999656e+00 1.547700000000000031e+01
6.013799999999999812e+00 -1.378180000000000049e+01
9.626070000000000348e+00 9.276339999999999364e+00
-4.592640000000000278e+00 2.633820000000000050e+00
-3.772800000000000153e+00 -4.359779999999999767e+00
2.335099999999999909e+01 7.522479999999999833e+00
1.183430000000000071e+01 1.750440000000000040e+01
6.130519999999999747e+00 -6.886910000000000309e+00
-8.122749999999999915e+00 -2.169659999999999922e-01
-1.698679999999999879e+01 1.268340000000000067e+01
-1.607590000000000074e+01 -1.610600000000000165e+01
7.098580000000000112e+00 -1.998470000000000013e+01
-2.706890000000000018e+00 1.975270000000000081e+01
-1.133559999999999901e+00 -2.058269999999999911e+01
-9.296149999999999691e-01 9.950189999999999202e+00
-1.879840000000000089e+01 5.808869999999999756e+00
-2.230310000000000059e+01 -4.798250000000000348e+00
6.338510000000000311e+00 -2.543320000000000025e+00
-1.502330000000000076e+01 2.166989999999999839e+01
-1.019449999999999967e+01 -1.393790000000000084e+01
-2.449149999999999938e+00 6.878170000000000117e-01
-1.228069999999999951e+01 4.752720000000000056e+00
-1.326130000000000031e+01 -5.286340000000000039e+00
9.116210000000000591e+00 -6.458949999999999747e+00
-9.937849999999999184e+00 2.002609999999999957e+01
-5.721560000000000201e+00 -1.546700000000000053e+01
6.878860000000000419e+00 6.084749999999999659e+00
-1.389039999999999964e+01 2.739300000000000068e+00
-1.165930000000000000e+01 -5.299019999999999619e+00
1.180129999999999946e+01 -9.806770000000000209e+00
1.178570000000000029e+01 1.377860000000000085e+01
1.219950000000000090e+00 -5.335960000000000036e+00
-6.377430000000000376e+00 1.324670000000000014e+00
-1.347620000000000040e+01 8.279120000000000701e+00
-1.940840000000000032e+01 -2.466559999999999864e+00
8.444770000000000110e+00 -1.666049999999999898e+01
-4.084920000000000329e+00 1.452100000000000080e+01
-2.049040000000000195e+00 -1.364789999999999992e+01
1.399469999999999881e-01 1.048670000000000080e+01
-9.710499999999999687e+00 1.833480000000000110e-01
-1.407820000000000071e+01 -1.646070000000000172e-02
1.059859999999999935e+01 1.042610000000000037e+00
-6.486600000000000144e+00 8.984109999999999374e+00
-3.748270000000000213e+00 -3.896990000000000176e+00
-2.984029999999999738e-01 4.638020000000000032e+00
-6.990420000000000300e+00 1.416970000000000063e+01
-8.471569999999999823e+00 -1.919879999999999853e+01
7.768169999999999575e+00 -4.443310000000000315e+00
-1.152549999999999963e+00 1.291619999999999990e+01
2.798610000000000042e+00 -8.207150000000000389e+00
7.687050000000000161e+00 4.752309999999999590e+00
-4.037709999999999688e+00 2.989570000000000061e+00
-5.492820000000000036e+00 -4.444790000000000241e+00
2.256840000000000046e+01 1.076919999999999966e+01
7.220349999999999824e+00 9.071030000000000371e+00
1.778359999999999941e+00 -5.914100000000000357e+00
-9.626369999999999649e+00 -6.883090000000000153e+00
-1.444020000000000081e+01 1.723209999999999908e+01
-1.280799999999999983e+01 -1.539119999999999955e+01
7.911620000000000097e+00 -1.323090000000000011e+01
-5.209509999999999863e+00 1.795360000000000156e+01
-4.254580000000000028e-01 -1.603079999999999927e+01
3.862760000000000193e+00 7.351609999999999978e+00
-1.368149999999999977e+01 1.527640000000000109e+00
-1.423850000000000016e+01 -1.192319999999999958e+01
1.203149999999999942e+01 7.397479999999999611e-01
-6.731889999999999930e+00 6.336260000000000225e+00
-2.098069999999999879e+00 -7.449440000000000062e+00
1.164800000000000058e+00 1.732569999999999943e+00
-1.609499999999999886e+01 2.391910000000000203e+00
-9.186989999999999768e+00 -9.202569999999999695e+00
9.879659999999999442e+00 -7.521779999999999688e+00
5.513429999999999609e+00 1.515189999999999948e+01
7.344589999999999730e-01 -8.906240000000000379e+00
4.590910000000000046e+00 7.352830000000000199e-01
-6.799520000000000231e+00 8.278019999999999712e+00
-7.180100000000000371e+00 -7.998070000000000235e+00
1.338289999999999935e+01 -7.554780000000000051e+00
8.240690000000000737e+00 1.609949999999999903e+01
-1.781150000000000011e+00 -2.191069999999999851e+00
5.797790000000000443e-01 -9.751609999999999445e-01
-1.312630000000000052e+01 1.381489999999999974e+01
-1.183649999999999913e+01 -2.024849999999999994e+01
1.106789999999999985e+01 -8.064489999999999270e+00
6.223510000000000097e+00 2.282049999999999912e+01
2.617239999999999789e+00 -1.625440000000000040e+01
1.974779999999999980e+00 4.821270000000000167e+00
-4.509520000000000195e+00 1.281060000000000088e+00
-1.529289999999999949e+01 -2.631740000000000190e+00
1.305719999999999992e+01 2.849250000000000060e+00
-5.578100000000000280e-01 1.094749999999999979e+01
-1.274250000000000105e-01 -5.187420000000000364e+00
1.005649999999999933e+00 -2.410289999999999822e+00
-7.376409999999999911e+00 1.025309999999999988e+01
-5.840160000000000018e+00 -6.216849999999999987e+00
9.477430000000000021e+00 -1.026500000000000057e+01
2.819659999999999833e+00 8.265079999999999316e+00
5.562289999999999957e+00 -8.716469999999999274e+00
1.278539999999999921e+01 5.688259999999999650e+00
-4.268340000000000245e+00 6.856279999999999930e+00
-1.117539999999999978e+01 -7.949370000000000047e+00
1.727649999999999864e+01 -4.053310000000000246e-02
8.149929999999999453e+00 8.756289999999999907e+00
3.436879999999999935e+00 -7.660829999999999806e+00
-6.211640000000000050e+00 1.761490000000000000e+00
-1.736430000000000007e+01 7.560749999999999638e+00
-1.620589999999999975e+01 -4.790149999999999686e+00
1.041660000000000075e+01 -1.497680000000000078e+01
9.831680000000000419e-01 2.205799999999999983e+01
4.375309999999999810e+00 -2.106779999999999831e+01
6.723620000000000374e+00 3.222910000000000164e+00
-7.303350000000000009e+00 1.816959999999999908e+00
-1.986870000000000047e+01 -1.439589999999999925e+00
8.076340000000000074e+00 -1.845909999999999940e+00
-4.198369999999999713e+00 1.330899999999999928e+01
-4.186630000000000074e+00 -8.760920000000000485e+00
6.807959999999999567e-01 3.626930000000000209e+00
-9.624380000000000379e+00 2.027140000000000164e+00
-7.651860000000000106e+00 -6.824690000000000367e+00
7.114569999999999617e+00 -4.951050000000000395e+00
-2.129579999999999806e+00 1.233319999999999972e+01
3.548169999999999796e-03 -1.448949999999999960e+01
5.707189999999999763e+00 3.481829999999999981e+00
-9.863939999999999486e+00 4.222529999999999895e+00
-4.505600000000000271e+00 -3.720110000000000028e+00
1.349770000000000003e+01 -1.230460000000000109e+00
1.319570000000000043e+01 1.568839999999999968e+01
2.199419999999999986e-01 -9.925319999999999976e-02
-4.333520000000000039e+00 1.204439999999999955e+00
-1.090230000000000032e+01 1.007450000000000045e+01
-1.168270000000000053e+01 -5.799339999999999939e+00
1.125750000000000028e+01 -1.140840000000000032e+01
3.886289999999999800e+00 1.579640000000000022e+01
-1.499090000000000034e+00 -1.506729999999999947e+01
-1.546880000000000033e+00 6.286400000000000432e+00
-5.802550000000000097e+00 -3.083839999999999915e+00
-1.240579999999999927e+01 -2.422959999999999781e+00
1.035650000000000048e+01 3.272759999999999891e+00
-3.005970000000000031e+00 8.070949999999999847e+00
1.070279999999999898e+00 -4.630690000000000417e+00
9.102890000000000148e-01 4.599990000000000023e+00
-3.534969999999999946e+00 1.043200000000000038e+01
-1.695359999999999978e+00 -9.255819999999999936e+00
7.961030000000000051e+00 -5.966420000000000279e+00
7.097269999999999968e-01 1.507959999999999923e+01
3.615940000000000154e+00 -6.429999999999999716e+00
7.699480000000000324e+00 1.088589999999999947e+01
-2.840650000000000119e+00 2.432659999999999823e+00
-4.642590000000000217e+00 -2.250010000000000066e+00
1.679909999999999926e+01 2.374019999999999797e+00
4.815940000000000332e+00 6.648889999999999745e+00
6.308849999999999625e+00 -4.353629999999999889e+00
-2.750059999999999949e+00 -2.281270000000000131e+00
-1.468130000000000024e+01 8.569549999999999557e+00
-1.081109999999999971e+01 -1.088690000000000069e+01
1.353700000000000081e+01 -2.082229999999999848e+01
4.403159999999999741e+00 1.650969999999999871e+01
4.176820000000000199e+00 -1.523109999999999964e+01
1.761949999999999905e-01 6.232389999999999652e+00
-6.783760000000000012e+00 -3.558149999999999924e+00
-1.032339999999999947e+01 -2.607000000000000206e+00
8.393860000000000099e+00 2.528480000000000172e-01
1.949279999999999902e+00 9.578860000000000596e+00
1.267109999999999959e+00 -5.423460000000000392e+00
4.686020000000000074e+00 8.100380000000000358e-01
-7.329379999999999562e+00 4.740689999999999849e+00
-7.569569999999999688e+00 -9.497289999999999566e+00
1.724360000000000070e+01 -9.759729999999999350e+00
5.203050000000000175e+00 1.137579999999999991e+01
1.227649999999999991e-01 -1.069100000000000072e+01
5.390839999999999854e+00 5.286190000000000389e+00
-3.832469999999999821e+00 4.102739999999999831e+00
-6.010239999999999583e+00 -5.382469999999999644e+00
2.338459999999999894e+01 -8.249610000000000554e+00
1.823770000000000024e+01 1.282000000000000028e+01
3.953949999999999854e+00 -1.542030000000000012e+00
4.312649999999999650e+00 -5.437929999999999708e+00
-8.379220000000000113e+00 1.113279999999999959e+01
-3.468269999999999964e+00 -1.149770000000000003e+01
2.189570000000000149e+01 -1.128250000000000064e+01
2.761519999999999975e+00 1.152289999999999992e+01
6.362059999999999604e+00 -1.044500000000000028e+01
5.858249999999999957e+00 6.915409999999999613e+00
-1.248380000000000045e+00 1.206769999999999898e+00
-8.698639999999999262e+00 -2.017209999999999948e+00
1.434590000000000032e+01 8.759810000000000096e-01
3.887599999999999945e+00 7.421219999999999928e+00
1.562759999999999927e+00 -3.757470000000000088e+00
5.182459999999999845e+00 -2.196349999999999802e+00
-2.694790000000000241e-01 4.704469999999999708e+00
-2.354909999999999837e+00 -8.024020000000000152e+00
1.582440000000000069e+01 -2.157550000000000079e+00
7.297519999999999563e+00 1.350939999999999941e+01
6.922830000000000261e+00 -1.134919999999999973e+01
1.204720000000000013e+01 1.464639999999999942e+00
-9.524989999999999846e-01 1.323039999999999994e+00
-1.425620000000000109e+00 -6.656649999999999956e+00
2.068260000000000076e+01 -2.391119999999999912e+00
1.119209999999999994e+01 8.445679999999999410e+00
6.787449999999999761e+00 -4.631420000000000314e+00
-9.697760000000000602e+00 8.697259999999999991e-01
-2.107519999999999882e+01 7.931090000000000195e+00
-1.776859999999999928e+01 -1.057000000000000028e+01
8.259050000000000225e+00 -2.082629999999999981e+01
-4.527750000000000163e+00 2.270700000000000074e+01
-3.416710000000000136e+00 -2.223689999999999856e+01
-6.560070000000000311e-03 3.278919999999999835e+00
-2.018830000000000169e+01 3.781719999999999970e+00
-2.051370000000000005e+01 -4.123310000000000031e+00
6.488260000000000360e+00 -2.723229999999999817e-01
-8.087429999999999453e+00 1.809400000000000119e+01
-1.210989999999999966e+01 -1.173370000000000068e+01
-5.245630000000000237e+00 1.729540000000000077e+00
-1.272109999999999985e+01 3.850340000000000096e+00
-1.416269999999999918e+01 -8.884700000000000486e+00
4.424140000000000406e+00 -5.566499999999999559e+00
-6.096379999999999910e+00 2.204749999999999943e+01
-3.440119999999999845e+00 -1.272780000000000022e+01
8.445990000000000109e+00 3.461390000000000189e+00
-1.598390000000000022e+01 3.379179999999999851e+00
-9.486230000000000828e+00 -4.221269999999999634e+00
1.098729999999999940e+01 -2.088950000000000085e+00
1.139710000000000001e+01 1.686100000000000065e+01
-9.085170000000000190e-01 -3.347450000000000148e-01
-1.780110000000000081e+00 1.794610000000000039e+00
-1.490700000000000003e+01 8.759729999999999350e+00
-1.761260000000000048e+01 -5.007859999999999978e+00
4.889059999999999739e+00 -2.035910000000000153e+01
-4.107789999999999608e+00 1.122589999999999932e+01
-4.377620000000000289e+00 -1.473170000000000002e+01
-4.092419999999999725e+00 1.208399999999999963e+01
-7.020599999999999952e+00 -4.819939999999999780e-01
-1.712930000000000064e+01 3.672499999999999876e+00
8.765769999999999840e+00 9.980489999999999640e-01
-5.107929999999999637e+00 8.877390000000000114e+00
-2.566889999999999894e+00 -4.479169999999999874e+00
-4.132769999999999833e+00 6.011540000000000106e+00
-8.014879999999999782e+00 1.587229999999999919e+01
-8.051930000000000476e+00 -1.950840000000000174e+01
1.239509999999999934e+01 -2.192590000000000039e+00
-2.875430000000000152e+00 1.236170000000000080e+01
2.699570000000000025e+00 -7.369710000000000427e+00
6.970819999999999794e+00 5.391720000000000290e+00
-6.803429999999999644e+00 2.608550000000000035e-01
-9.200979999999999492e+00 -2.355949999999999989e+00
1.589480000000000004e+01 8.897069999999999368e+00
8.089499999999999247e+00 1.201079999999999970e+01
4.478379999999999583e+00 -6.678350000000000009e+00
-8.438739999999999242e+00 -4.991089999999999804e+00
-1.651000000000000156e+01 1.427590000000000003e+01
-9.478300000000000836e+00 -1.726660000000000039e+01
5.198800000000000310e+00 -1.242719999999999914e+01
-3.418550000000000200e+00 1.650499999999999901e+01
-1.418600000000000083e+00 -1.706779999999999831e+01
3.798000000000000043e+00 5.306000000000000050e+00
-1.806640000000000157e+01 3.331069999999999975e+00
-1.548429999999999929e+01 -6.748310000000000031e+00
9.519310000000000827e+00 8.258210000000000273e-01
-6.519529999999999603e+00 5.743730000000000224e+00
-4.196069999999999744e+00 -6.311320000000000263e+00
1.415610000000000035e+00 -8.140150000000000441e-01
-1.608409999999999940e+01 7.392379999999999507e-01
-1.150609999999999999e+01 -9.731759999999999522e+00
5.518340000000000245e+00 -8.115909999999999513e+00
-1.047350000000000003e+00 1.467600000000000016e+01
-3.408170000000000144e+00 -9.623530000000000584e+00
8.906219999999999359e+00 2.350519999999999943e+00
-6.793919999999999959e+00 7.630060000000000286e+00
-5.327160000000000117e+00 -8.489549999999999486e+00
1.267530000000000001e+01 -8.438380000000000436e+00
1.014000000000000057e+01 1.808320000000000149e+01
-2.796179999999999777e-01 -6.239770000000000039e-01
-9.435000000000000053e-01 -1.315909999999999913e+00
-1.104969999999999963e+01 1.271920000000000073e+01
-6.637769999999999726e+00 -1.922309999999999874e+01
1.314279999999999937e+01 -1.205840000000000067e+01
8.643959999999999866e+00 1.658970000000000056e+01
3.100690000000000168e+00 -1.685000000000000142e+01
2.839480000000000004e+00 4.550860000000000127e+00
-2.848269999999999857e+00 1.194660000000000055e+00
-1.787239999999999895e+01 -3.114730000000000221e+00
1.284220000000000006e+01 4.017019999999999591e+00
1.796450000000000102e+00 1.243570000000000064e+01
7.537080000000000446e-01 -3.189880000000000049e+00
5.407289999999999708e+00 -7.203920000000000323e-01
-5.928119999999999834e+00 7.911620000000000097e+00
-6.402230000000000310e+00 -1.224300000000000033e+01
7.262789999999999857e+00 -7.867079999999999629e+00
4.471569999999999823e+00 9.328229999999999578e+00
3.221699999999999786e+00 -1.079209999999999958e+01
1.589220000000000077e+01 9.976770000000000138e+00
-3.683310000000000084e+00 9.358950000000000102e+00
-5.744950000000000223e+00 -2.700979999999999936e+00
1.409759999999999991e+01 -3.309649999999999981e+00
9.227510000000000545e+00 9.165050000000000807e+00
2.303519999999999790e+00 -3.536939999999999973e+00
-1.231289999999999996e+00 -9.809970000000000079e-01
-1.833749999999999858e+01 8.325319999999999609e+00
-1.606299999999999883e+01 -9.493330000000000268e+00
8.948249999999999815e+00 -1.893669999999999831e+01
-4.421369999999999578e+00 1.691199999999999903e+01
-2.398260000000000058e+00 -1.671950000000000003e+01
4.832300000000000040e+00 5.270609999999999573e+00
-1.119679999999999964e+01 4.495219999999999771e+00
-1.671140000000000114e+01 1.091299999999999937e+00
8.906319999999999126e+00 -2.178170000000000162e+00
-6.282370000000000232e+00 1.243750000000000000e+01
-6.620560000000000223e+00 -9.041029999999999234e+00
-2.613430000000000142e+00 3.353670000000000151e+00
-7.140390000000000015e+00 3.071989999999999998e+00
-9.586600000000000676e+00 -1.065670000000000073e+01
6.214540000000000397e+00 -7.038240000000000052e+00
-1.894430000000000058e+00 1.150719999999999921e+01
-5.436250000000000249e-01 -1.044989999999999952e+01
3.191819999999999879e+00 1.028319999999999901e+00
-8.755390000000000228e+00 4.385849999999999582e+00
-7.868219999999999992e+00 -8.168549999999999756e+00
1.265670000000000073e+01 2.686280000000000001e+00
8.387790000000000745e+00 1.086430000000000007e+01
1.072580000000000089e+00 -3.924519999999999786e+00
-4.089470000000000383e+00 -3.506099999999999994e+00
-1.016779999999999973e+01 7.735809999999999853e+00
-1.347470000000000034e+01 -6.539839999999999876e+00
4.500169999999999781e+00 -1.058769999999999989e+01
-5.371510000000000173e-02 1.795029999999999859e+01
-2.499039999999999873e-01 -1.494439999999999991e+01
1.640309999999999935e+00 7.496410000000000018e+00
-3.499379999999999935e+00 2.006190000000000140e+00
-1.205659999999999954e+01 -7.102009999999999712e-01
1.171720000000000006e+01 6.148950000000000138e+00
2.605959999999999874e-02 5.839620000000000033e+00
-1.167820000000000080e+00 -4.039990000000000414e+00
5.629920000000000480e-01 3.681909999999999794e+00
-5.884159999999999613e+00 9.453150000000000830e+00
-4.898450000000000415e+00 -1.415600000000000058e+01
1.026409999999999911e+01 -3.139339999999999797e+00
-8.110459999999999892e-02 7.513259999999999827e+00
-1.503839999999999899e-01 -5.803029999999999688e+00
8.953969999999999985e+00 5.141510000000000247e+00
-4.614630000000000010e+00 3.681189999999999962e+00
-6.929770000000000429e+00 -3.849969999999999892e+00
1.588710000000000022e+01 4.892179999999999751e+00
5.315529999999999866e+00 6.173160000000000203e+00
2.809210000000000207e+00 -3.606640000000000068e+00
-5.094940000000000246e+00 -9.822070000000000523e-01
-1.397470000000000034e+01 1.118069999999999986e+01
-1.250479999999999947e+01 -1.238289999999999935e+01
1.111410000000000053e+01 -1.047639999999999993e+01
7.473679999999999879e+00 1.963599999999999923e+01
1.605660000000000087e+00 -1.877799999999999869e+01
7.006850000000000023e-01 3.078629999999999978e+00
-8.072359999999999758e+00 1.621299999999999963e+00
-1.160270000000000046e+01 -1.360489999999999977e+00
1.020069999999999943e+01 -8.383610000000000229e-01
-2.220479999999999787e+00 9.165499999999999758e+00
-7.434560000000000057e-01 -5.126750000000000362e+00
7.576840000000000241e-01 3.147969999999999935e+00
-9.426880000000000592e+00 6.791979999999999684e+00
-6.009100000000000108e+00 -1.014799999999999969e+01
1.264569999999999972e+01 -5.651690000000000325e+00
8.455599999999999783e-01 1.270020000000000060e+01
9.185590000000000144e-01 -9.022909999999999542e+00
6.683720000000000105e+00 -1.525600000000000067e+00
-5.731359999999999566e+00 4.862549999999999706e+00
1.238669999999999938e+00 -5.948500000000000121e+00
1.678719999999999857e+01 -5.379730000000000345e+00
1.452079999999999949e+01 9.326959999999999695e+00
7.481810000000000294e+00 -2.163590000000000124e+00
7.006499999999999950e-01 -2.497050000000000214e+00
-1.209539999999999971e+01 1.117779999999999951e+01
-9.688000000000000611e+00 -1.158820000000000050e+01
1.580770000000000053e+01 -1.040099999999999980e+01
4.562610000000000277e+00 1.264879999999999960e+01
8.027570000000000761e+00 -1.195599999999999952e+01
4.832510000000000083e+00 7.044940000000000424e+00
6.777530000000000499e-01 2.922969999999999846e+00
-1.034110000000000085e+01 1.753149999999999986e+00
1.366009999999999991e+01 -1.077490000000000059e+00
3.363519999999999843e+00 3.869169999999999998e+00
2.037770000000000081e+00 -2.805309999999999970e+00
7.320640000000000036e+00 -5.378600000000000048e-02
-6.439690000000000136e-01 2.549080000000000013e+00
1.767120000000000024e+00 -9.392519999999999314e+00
1.287330000000000041e+01 -7.341660000000000075e+00
5.109619999999999607e+00 9.803069999999999951e+00
2.007540000000000102e+00 -1.049220000000000041e+01
1.257019999999999982e+01 6.318520000000000358e+00
-2.629719999999999835e+00 1.092519999999999936e+00
-1.521409999999999929e+00 -3.030640000000000001e+00
1.850939999999999941e+01 1.960919999999999996e+00
1.233050000000000068e+01 9.299820000000000420e+00
5.080899999999999750e+00 -4.408820000000000405e+00
-4.306790000000000340e+00 -3.828239999999999976e-01
-1.590300000000000047e+01 1.120400000000000063e+01
-1.576730000000000054e+01 -1.149990000000000023e+01
1.071819999999999951e+01 -1.698910000000000053e+01
-1.082039999999999891e+00 2.186929999999999907e+01
1.211899999999999977e+00 -2.163700000000000045e+01
2.952330000000000232e-01 7.401650000000000063e+00
-1.398700000000000010e+01 4.952259999999999884e+00
-1.681840000000000046e+01 -4.108730000000000437e+00
9.143190000000000595e+00 -1.578030000000000044e+00
-9.998979999999999535e+00 1.748679999999999879e+01
-6.201150000000000162e+00 -6.834380000000000344e+00
1.957980000000000054e+00 1.092960000000000043e-01
-1.120429999999999993e+01 4.289629999999999832e+00
-9.274580000000000268e+00 -3.655679999999999819e+00
7.502080000000000304e+00 -5.054529999999999745e+00
-4.817619999999999791e+00 1.624559999999999960e+01
-4.254630000000000217e-02 -1.194050000000000011e+01
7.687590000000000146e+00 2.099349999999999827e+00
-1.330959999999999965e+01 3.562590000000000146e+00
-6.815380000000000216e+00 -2.762869999999999937e+00
1.156230000000000047e+01 -4.119320000000000093e+00
1.621209999999999951e+01 1.654670000000000130e+01
-9.539069999999999494e-01 -5.442120000000000068e+00
-2.130440000000000111e+00 -4.051510000000000389e+00
-9.857060000000000599e+00 6.584690000000000154e+00
-1.513429999999999964e+01 -4.749819999999999709e+00
8.802709999999999368e+00 -1.198119999999999941e+01
-8.543640000000000123e-01 1.274559999999999960e+01
1.269349999999999978e+00 -1.166729999999999912e+01
-8.584699999999999553e-01 8.705410000000000537e+00
-1.121610000000000085e+01 -1.844749999999999890e+00
-1.272259999999999991e+01 9.019909999999999872e-01
6.821559999999999846e+00 9.968080000000000274e-01
-1.494620000000000060e+00 7.248120000000000118e+00
-2.577580000000000204e+00 -4.523990000000000400e+00
2.051909999999999901e+00 2.220099999999999962e+00
-4.205169999999999852e+00 9.794320000000000803e+00
-3.511820000000000164e+00 -1.653620000000000090e+01
8.802110000000000767e+00 -8.261199999999999655e-01
-6.895040000000000058e-01 1.182300000000000040e+01
4.809470000000000134e+00 -5.912709999999999688e+00
1.082450000000000045e+01 5.590340000000000309e+00
-4.873380000000000045e+00 2.605739999999999945e+00
-5.907890000000000086e+00 -1.877580000000000027e+00
1.919869999999999877e+01 5.717360000000000220e+00
6.181499999999999773e+00 6.858120000000000438e+00
3.159689999999999888e+00 -5.929059999999999775e+00
-5.227899999999999991e+00 -4.510839999999999961e+00
-1.516099999999999959e+01 1.365760000000000041e+01
-1.094050000000000011e+01 -1.718189999999999884e+01
6.879940000000000389e+00 -8.796730000000000160e+00
1.820619999999999905e+00 1.783549999999999969e+01
1.304219999999999935e+00 -1.612959999999999994e+01
4.891910000000000203e+00 2.842839999999999812e+00
-9.380229999999999180e+00 2.198290000000000077e+00
-1.200999999999999979e+01 -7.150070000000000370e+00
1.110929999999999929e+01 3.817809999999999815e-01
-1.844000000000000083e+00 5.950260000000000105e+00
-7.079710000000000170e-01 -8.123160000000000380e+00
4.881920000000000037e+00 -7.727190000000000447e-01
-9.690070000000000405e+00 4.366600000000000037e+00
-5.983460000000000001e+00 -4.460600000000000342e+00
8.777129999999999654e+00 -7.884719999999999729e+00
4.430349999999999788e+00 1.243960000000000043e+01
2.428140000000000021e-01 -7.781950000000000145e+00
8.025270000000000792e+00 -1.254029999999999978e+00
-5.853889999999999816e+00 6.574300000000000033e+00
-3.368189999999999795e+00 -6.352970000000000006e+00
1.886990000000000123e+01 -5.048910000000000231e+00
1.230509999999999948e+01 1.183569999999999922e+01
1.539179999999999993e+00 -8.385770000000000168e-01
2.680989999999999984e+00 -1.439279999999999893e+00
-9.956879999999999953e+00 8.567460000000000520e+00
-6.999990000000000379e+00 -1.280160000000000053e+01
1.525430000000000064e+01 -1.110679999999999978e+01
6.764660000000000117e+00 1.693169999999999931e+01
6.727330000000000254e+00 -1.225489999999999924e+01
2.089809999999999945e+00 2.566320000000000157e+00
-4.261090000000000266e+00 2.226570000000000160e+00
-1.293890000000000029e+01 -4.234560000000000102e+00
1.314059999999999917e+01 1.713389999999999969e+00
3.925899999999999945e+00 8.562870000000000203e+00
3.879700000000000149e+00 -4.275960000000000427e+00
2.513799999999999812e+00 -8.805129999999999901e-01
-4.973700000000000010e+00 9.710520000000000707e+00
-2.002419999999999867e+00 -9.721959999999999269e+00
9.630140000000000811e+00 -6.912740000000000329e+00
8.919990000000000308e+00 9.840450000000000585e+00
5.746870000000000367e+00 -9.725740000000000052e+00
1.507910000000000039e+01 5.800250000000000128e+00
-1.835490000000000066e+00 4.385089999999999932e+00
-4.084399999999999586e+00 -7.853950000000000209e+00
1.765390000000000015e+01 -2.443779999999999841e+00
1.055390000000000050e+01 5.233539999999999637e+00
6.375829999999999664e+00 -6.113100000000000200e+00
-3.745029999999999859e+00 -2.270270000000000010e+00
-1.209099999999999930e+01 8.568059999999999121e+00
-1.377079999999999949e+01 -6.819600000000000328e+00
1.519560000000000066e+01 -1.491200000000000081e+01
4.804120000000000168e+00 2.352380000000000138e+01
1.735020000000000007e+00 -1.790700000000000003e+01
7.609950000000000436e+00 2.733210000000000139e+00
-6.493680000000000341e+00 4.612020000000000231e+00
-1.276880000000000059e+01 -2.075229999999999908e+00
9.473629999999999995e+00 -1.931610000000000049e+00
-2.937559999999999949e+00 1.061050000000000004e+01
3.546730000000000160e-01 -6.347540000000000404e+00
2.122240000000000126e+00 4.175139999999999851e+00
-7.491299999999999848e+00 4.450940000000000119e+00
-7.521460000000000257e+00 -5.552209999999999646e+00
8.231419999999999959e+00 -5.604840000000000266e+00
3.145169999999999799e+00 9.839000000000000412e+00
2.672200000000000131e+00 -9.882559999999999789e+00
3.631060000000000176e+00 2.250550000000000050e+00
-5.459419999999999717e+00 3.689280000000000115e+00
-2.940150000000000041e+00 -6.190389999999999837e+00
1.309830000000000005e+01 -1.453209999999999891e+00
1.575229999999999997e+01 1.123590000000000089e+01
4.861069999999999780e+00 -2.998089999999999922e+00
4.774909999999999988e-01 -8.105999999999999872e-01
-9.151279999999999859e+00 7.687229999999999563e+00
-8.170529999999999404e+00 -5.372419999999999973e+00
1.246400000000000041e+01 -1.385640000000000072e+01
3.079060000000000130e+00 1.271490000000000009e+01
2.459109999999999907e+00 -9.480570000000000164e+00
3.616589999999999971e+00 6.585479999999999556e+00
-2.631699999999999928e+00 -1.056969999999999958e-03
-7.119030000000000413e+00 -2.934719999999999995e+00
1.084490000000000087e+01 5.104309999999999903e+00
2.174529999999999852e+00 6.931580000000000297e+00
1.613159999999999927e+00 -2.334369999999999834e+00
3.300650000000000084e+00 6.820470000000000255e+00
-3.771539999999999893e+00 6.996710000000000207e+00
1.541349999999999998e+00 -8.037069999999999936e+00
1.134970000000000034e+01 -3.465840000000000032e+00
2.194040000000000212e+00 9.353300000000000836e+00
7.673530000000000406e+00 -6.221219999999999750e+00
7.072899999999999743e+00 6.072820000000000107e+00
-8.475120000000000431e-01 3.526980000000000004e+00
-3.080299999999999816e+00 -2.337569999999999926e+00
1.811060000000000159e+01 4.152800000000000047e+00
6.971029999999999838e+00 8.273369999999999891e+00
6.670200000000000351e+00 -2.126059999999999839e+00
-8.351970000000000227e-02 -1.959840000000000027e+00
-1.102100000000000080e+01 6.344920000000000115e+00
-1.069950000000000045e+01 -8.469780000000000086e+00
1.289780000000000015e+01 -1.391820000000000057e+01
4.298490000000000144e+00 1.743690000000000140e+01
6.574230000000000018e+00 -1.670380000000000109e+01
4.051190000000000069e+00 4.695149999999999935e+00
-2.515460000000000029e+00 -1.308720000000000105e+00
-8.538009999999999877e+00 -3.103889999999999816e+00
1.310420000000000051e+01 -1.625450000000000061e+00
1.382770000000000055e+00 8.255380000000000607e+00
2.329769999999999897e+00 -4.935679999999999623e+00
4.685369999999999813e+00 1.390430000000000055e+00
-1.982839999999999936e+00 3.890029999999999877e+00
-2.970089999999999897e+00 -8.307589999999999364e+00
1.387969999999999970e+01 -5.055950000000000166e+00
5.858279999999999710e+00 1.029260000000000019e+01
3.181890000000000107e+00 -1.113679999999999914e+01
9.566660000000000608e+00 6.162320000000000242e+00
2.706240000000000034e-02 2.085929999999999840e+00
-1.055180000000000007e+00 -5.797579999999999956e+00
1.917879999999999896e+01 -3.122770000000000046e+00
1.628190000000000026e+01 7.294260000000000410e+00
5.676179999999999559e+00 6.313330000000000330e-02
2.432049999999999823e+00 -2.785070000000000157e+00
-4.595729999999999649e+00 5.328289999999999971e+00
-3.495309999999999917e+00 -9.421229999999999549e+00
1.808040000000000092e+01 -8.980880000000000862e+00
6.551190000000000069e+00 1.170470000000000077e+01
9.031480000000000175e+00 -1.260679999999999978e+01
6.658920000000000172e+00 6.773500000000000298e+00
2.447610000000000063e+00 8.959049999999999514e-01
-6.673399999999999999e+00 3.745479999999999920e-01
2.031559999999999988e+01 -8.088309999999999667e-01
3.874309999999999921e+00 5.412469999999999892e+00
4.579170000000000407e+00 -3.205799999999999983e+00
7.019560000000000244e+00 -7.988260000000000360e-01
-8.346259999999999790e-01 5.250539999999999985e+00
9.606740000000000279e-01 -7.389129999999999754e+00
1.350259999999999927e+01 -4.007780000000000342e+00
6.134839999999999627e+00 9.769800000000000040e+00
6.891589999999999883e+00 -8.454539999999999722e+00
1.335510000000000019e+01 3.180460000000000065e+00
-1.696780000000000163e-02 5.149289999999999701e+00
2.003210000000000157e+00 -6.253440000000000332e+00
2.096979999999999933e+01 7.233749999999999902e-01
1.150099999999999945e+01 6.952810000000000379e+00
9.444269999999999499e+00 -2.958699999999999886e+00
-7.698889999999999567e+00 -5.880630000000000024e-01
-1.801640000000000086e+01 1.074660000000000082e+01
-1.688319999999999865e+01 -1.166740000000000066e+01
9.197279999999999234e+00 -2.427819999999999823e+01
-2.700279999999999792e+00 2.342310000000000159e+01
-1.628179999999999961e+00 -2.251989999999999981e+01
-9.374019999999999575e-01 7.166389999999999816e+00
-2.190399999999999991e+01 5.683469999999999800e+00
-2.104660000000000153e+01 -2.166139999999999954e+00
4.452950000000000408e+00 -1.083749999999999991e+00
-1.180959999999999965e+01 1.732979999999999876e+01
-1.117890000000000050e+01 -1.694099999999999895e+01
-6.886140000000000150e+00 -7.140069999999999473e-01
-1.455349999999999966e+01 4.130250000000000199e+00
-1.383709999999999951e+01 -1.017970000000000041e+01
4.134669999999999845e+00 -5.438760000000000261e+00
-7.882399999999999629e+00 2.142610000000000170e+01
-4.471799999999999997e+00 -1.335880000000000045e+01
8.259240000000000137e+00 3.432910000000000128e+00
-1.895270000000000010e+01 1.545420000000000016e+00
-1.084549999999999947e+01 -2.637789999999999857e+00
1.214509999999999934e+01 -7.331990000000000451e-01
1.341520000000000046e+01 2.053320000000000078e+01
-8.273089999999999611e-01 -2.523380000000000067e-01
-3.895880000000000010e+00 -4.857319999999999971e-01
-1.569110000000000049e+01 6.961800000000000210e+00
-1.874149999999999849e+01 -5.596090000000000231e+00
6.027759999999999785e+00 -2.282689999999999841e+01
-6.256910000000000416e+00 1.601620000000000132e+01
-3.074460000000000193e+00 -1.476759999999999984e+01
-4.981160000000000032e+00 1.117070000000000007e+01
-9.127359999999999474e+00 -4.804749999999999854e-01
-2.130770000000000053e+01 4.272789999999999644e+00
8.112560000000000215e+00 1.226599999999999913e+00
-5.422340000000000160e+00 1.024789999999999957e+01
-3.567279999999999784e+00 -6.406069999999999709e+00
-5.611290000000000333e+00 9.855029999999999291e+00
-7.365420000000000300e+00 1.934519999999999840e+01
-4.923799999999999955e+00 -2.154850000000000065e+01
1.218989999999999974e+01 -3.285010000000000208e+00
-3.208180000000000032e+00 1.326529999999999987e+01
4.023959999999999759e+00 -1.118180000000000085e+01
1.051309999999999967e+01 9.438969999999999416e+00
-7.302249999999999908e+00 1.917310000000000070e+00
-9.767839999999999634e+00 -8.651919999999999611e-01
1.898219999999999885e+01 1.309810000000000052e+01
8.967200000000000060e+00 1.358259999999999934e+01
3.979919999999999902e+00 -7.795049999999999812e+00
-9.735500000000000043e+00 -7.777999999999999581e+00
-1.768309999999999960e+01 1.724790000000000134e+01
-9.337859999999999161e+00 -1.807349999999999923e+01
5.145900000000000141e+00 -1.732379999999999853e+01
-2.026069999999999816e+00 1.776069999999999993e+01
-8.249560000000000226e-01 -1.764260000000000161e+01
1.218869999999999898e+00 5.940269999999999939e+00
-1.841619999999999990e+01 -4.356440000000000312e-02
-1.794579999999999842e+01 -8.289170000000000371e+00
1.009140000000000015e+01 2.327820000000000000e+00
-8.210689999999999600e+00 5.884339999999999904e+00
-2.588099999999999845e+00 -7.656740000000000101e+00
5.164270000000000138e+00 -1.518820000000000059e+00
-1.733170000000000144e+01 1.635280000000000067e+00
-1.041339999999999932e+01 -9.690189999999999415e+00
6.355349999999999611e+00 -8.516420000000000101e+00
6.334210000000000118e-01 1.772230000000000061e+01
-2.761340000000000128e+00 -1.083089999999999975e+01
5.421140000000000292e+00 1.665229999999999988e+00
-8.628629999999999356e+00 8.936139999999999972e+00
-6.571489999999999831e+00 -9.285339999999999705e+00
1.298859999999999992e+01 -8.667519999999999669e+00
1.244829999999999970e+01 1.802929999999999922e+01
2.218980000000000119e-01 -1.527209999999999956e+00
-2.207730000000000192e+00 -2.604249999999999968e-02
-7.898550000000000182e+00 1.321160000000000068e+01
-4.647920000000000051e+00 -2.038769999999999882e+01
1.655270000000000152e+01 -1.289809999999999945e+01
9.168839999999999435e+00 2.024129999999999896e+01
2.574640000000000040e+00 -1.552079999999999949e+01
3.931709999999999816e+00 5.782309999999999839e+00
-3.338750000000000107e+00 3.195930000000000160e+00
-1.673689999999999856e+01 -1.127960000000000074e+00
1.503560000000000052e+01 3.368390000000000217e+00
2.316669999999999785e+00 1.306540000000000035e+01
1.388929999999999998e+00 -4.691880000000000273e+00
3.206599999999999895e+00 7.083990000000000009e-01
-8.087540000000000617e+00 9.824650000000000105e+00
-4.683220000000000383e+00 -1.182290000000000063e+01
9.559290000000000731e+00 -8.912649999999999295e+00
4.804240000000000066e+00 8.998440000000000438e+00
2.645640000000000214e+00 -1.374820000000000064e+01
1.309549999999999947e+01 6.416669999999999874e+00
-4.657420000000000115e+00 6.438399999999999679e+00
-7.333779999999999966e+00 -6.439630000000000187e+00
1.609779999999999944e+01 -3.654529999999999834e+00
1.208709999999999951e+01 9.795569999999999666e+00
5.563670000000000115e+00 -3.979589999999999961e+00
-3.438979999999999926e+00 -1.876789999999999958e+00
-1.902959999999999852e+01 6.385919999999999597e+00
-2.064410000000000167e+01 -6.971980000000000288e+00
8.138970000000000482e+00 -1.528350000000000009e+01
-1.738250000000000073e+00 1.841969999999999885e+01
-1.455170000000000075e+00 -1.778180000000000049e+01
6.513620000000000410e+00 3.919900000000000162e+00
-1.342190000000000083e+01 5.389980000000000437e+00
-2.229139999999999944e+01 7.886630000000000029e-01
8.837889999999999802e+00 1.924320000000000030e+00
-1.000189999999999912e+01 1.413969999999999949e+01
-3.440580000000000194e+00 -9.877169999999999561e+00
-1.707689999999999930e+00 4.644199999999999662e+00
-7.520030000000000214e+00 4.127839999999999954e+00
-1.045049999999999990e+01 -1.298210000000000086e+01
6.608600000000000030e+00 -7.268469999999999764e+00
-9.870360000000000245e-02 1.341440000000000055e+01
1.011399999999999938e-01 -1.022749999999999915e+01
6.464520000000000266e+00 1.831369999999999942e+00
-8.103109999999999147e+00 2.687609999999999832e+00
-9.502760000000000318e+00 -7.954869999999999663e+00
1.419069999999999965e+01 9.659080000000000443e-02
6.952130000000000365e+00 1.448189999999999955e+01
-2.190560000000000007e-01 -2.830600000000000005e+00
-4.826760000000000161e+00 -3.112389999999999990e+00
-1.235459999999999958e+01 1.185810000000000031e+01
-1.657250000000000156e+01 -6.122880000000000322e+00
4.507649999999999935e+00 -1.206020000000000003e+01
-5.282709999999999795e+00 1.541729999999999912e+01
-3.120800000000000018e+00 -1.435309999999999953e+01
1.170619999999999994e+00 5.967959999999999710e+00
-3.242719999999999825e+00 3.306340000000000057e+00
-1.303630000000000067e+01 -1.337970000000000104e+00
1.215540000000000020e+01 4.712799999999999656e+00
-2.452419999999999878e-01 5.711000000000000298e+00
-2.742129999999999956e+00 -1.061860000000000026e+00
8.613589999999999858e-01 7.212380000000000457e-01
-5.855859999999999843e+00 1.202289999999999992e+01
-8.333069999999999311e+00 -1.412519999999999953e+01
8.876310000000000144e+00 -3.133020000000000138e+00
-3.652489999999999903e-01 9.817280000000000229e+00
-8.379039999999999822e-01 -9.005509999999999238e+00
9.442009999999999792e+00 4.800779999999999603e+00
-4.588619999999999699e+00 4.349129999999999718e+00
-7.678609999999999935e+00 -3.199489999999999945e+00
1.683210000000000051e+01 5.978340000000000209e+00
8.686289999999999623e+00 6.254319999999999879e+00
4.140810000000000102e+00 -1.134300000000000086e+00
-4.478320000000000078e+00 5.937200000000000116e-02
-1.391179999999999950e+01 1.234229999999999983e+01
-1.401820000000000022e+01 -1.554509999999999970e+01
1.193510000000000026e+01 -1.156400000000000006e+01
2.705579999999999874e+00 1.685460000000000136e+01
6.489969999999999573e+00 -1.948440000000000083e+01
-5.841380000000000461e-01 -1.134349999999999969e+00
-8.181240000000000734e+00 9.254890000000000061e-01
-1.458319999999999972e+01 -6.002970000000000361e+00
8.069039999999999324e+00 -1.079709999999999948e+00
-1.148239999999999927e+00 8.490009999999999835e+00
2.106149999999999967e+00 -4.323970000000000091e+00
3.104919999999999902e+00 1.415200000000000014e+00
-1.088390000000000057e+01 5.900409999999999933e+00
-8.109220000000000539e+00 -1.185979999999999990e+01
9.409459999999999269e+00 -4.064129999999999576e+00
8.596270000000000300e-01 1.315670000000000073e+01
-1.548859999999999904e+00 -1.060839999999999961e+01
6.249950000000000117e+00 1.547500000000000098e+00
-4.029160000000000075e+00 5.074810000000000265e+00
1.001800000000000024e+00 -6.574290000000000411e+00
1.592120000000000068e+01 -5.859060000000000379e+00
1.329770000000000074e+01 1.186689999999999934e+01
6.425049999999999706e+00 -2.992170000000000218e+00
1.706299999999999928e+00 -5.339730000000000310e-01
-1.090220000000000056e+01 1.456090000000000018e+01
-6.562210000000000321e+00 -1.047710000000000008e+01
1.845799999999999841e+01 -1.107070000000000043e+01
1.967689999999999939e+00 1.640040000000000120e+01
7.488439999999999763e+00 -1.415760000000000041e+01
4.366629999999999789e+00 7.323820000000000441e+00
1.455209999999999892e+00 3.453869999999999996e-01
-1.188949999999999996e+01 -5.636400000000000299e-01
1.611730000000000018e+01 6.026089999999999502e-01
3.848209999999999908e+00 2.482779999999999987e+00
4.716389999999999749e-01 -1.962730000000000086e+00
4.168409999999999727e+00 1.690939999999999943e-01
-1.240699999999999914e+00 3.381730000000000125e+00
3.554149999999999920e+00 -1.128110000000000035e+01
1.076130000000000031e+01 -4.326500000000000234e+00
7.469800000000000217e+00 1.210529999999999973e+01
5.239720000000000155e+00 -1.143989999999999974e+01
1.166140000000000043e+01 6.693109999999999893e+00
-9.611669999999999936e-01 4.931269999999999820e-01
-2.335269999999999957e+00 -3.339220000000000077e+00
2.046959999999999980e+01 3.779609999999999914e+00
1.140949999999999953e+01 1.175580000000000069e+01
6.894289999999999807e+00 -6.186300000000000132e+00
-5.728250000000000064e+00 3.030970000000000053e-01
-1.295240000000000080e+01 9.518649999999999167e+00
-1.224740000000000073e+01 -1.336589999999999989e+01
9.249069999999999681e+00 -1.915139999999999887e+01
2.640249999999999889e-02 1.899350000000000094e+01
4.920289999999999941e-01 -1.816860000000000142e+01
1.173329999999999984e+00 7.052699999999999747e+00
-1.557799999999999940e+01 4.903450000000000308e+00
-1.837490000000000023e+01 -3.230199999999999960e+00
8.227370000000000516e+00 -2.811230000000000118e+00
-1.049549999999999983e+01 1.632189999999999941e+01
-5.938670000000000115e+00 -1.095819999999999972e+01
2.189770000000000050e-01 5.610720000000000152e-01
-9.626680000000000348e+00 5.030890000000000306e+00
-9.445850000000000080e+00 -4.802500000000000213e+00
9.306540000000000035e+00 -5.861089999999999911e+00
-6.403439999999999799e+00 1.728280000000000172e+01
-1.475079999999999947e+00 -1.266000000000000014e+01
8.578260000000000218e+00 4.502690000000000303e+00
-1.038700000000000045e+01 3.479859999999999953e+00
-7.532469999999999999e+00 -3.729340000000000099e+00
1.285060000000000002e+01 -6.700269999999999726e+00
1.052190000000000047e+01 1.300050000000000061e+01
2.310200000000000031e+00 -3.726960000000000051e+00
-3.004290000000000127e+00 2.010289999999999910e+00
-1.017329999999999934e+01 6.712780000000000413e+00
-1.364010000000000034e+01 -3.262020000000000142e+00
8.300470000000000681e+00 -1.439659999999999940e+01
-2.004269999999999996e+00 1.316569999999999929e+01
7.889369999999999994e-01 -1.178309999999999924e+01
1.206299999999999928e+00 9.387029999999999319e+00
-6.931009999999999671e+00 7.981449999999999934e-01
-1.080230000000000068e+01 -4.323870000000000213e-01
1.012560000000000038e+01 1.444939999999999891e+00
-3.303119999999999834e+00 7.146919999999999717e+00
-1.470699999999999896e+00 -4.920560000000000045e+00
2.582530000000000214e+00 4.113940000000000374e+00
-5.677139999999999631e+00 1.279180000000000028e+01
-5.937789999999999679e+00 -1.462390000000000079e+01
9.775589999999999336e+00 -3.134380000000000166e+00
3.204259999999999886e-01 1.176609999999999978e+01
4.932109999999999772e+00 -7.385849999999999582e+00
9.343650000000000233e+00 4.318629999999999747e+00
-3.391210000000000058e+00 4.209749999999999659e+00
-4.572600000000000442e+00 -3.691059999999999786e+00
1.915500000000000114e+01 6.724660000000000082e+00
6.752080000000000304e+00 7.295079999999999565e+00
4.448489999999999611e+00 -5.426809999999999690e+00
-5.870529999999999582e+00 -5.523950000000000138e+00
-1.191619999999999990e+01 1.399179999999999957e+01
-8.861390000000000100e+00 -1.294699999999999918e+01
1.060459999999999958e+01 -1.329010000000000069e+01
-2.229249999999999954e+00 1.659049999999999869e+01
2.831580000000000208e-01 -1.336490000000000045e+01
4.599820000000000242e+00 6.265069999999999695e+00
-9.228149999999999409e+00 2.229480000000000128e+00
-1.255349999999999966e+01 -8.695650000000000546e+00
1.155910000000000082e+01 8.772579999999999822e-01
-3.241179999999999950e+00 5.331179999999999808e+00
-4.957729999999999776e-02 -6.274449999999999861e+00
4.117149999999999643e+00 1.566359999999999975e+00
-1.172879999999999967e+01 2.221569999999999823e+00
-5.370759999999999756e+00 -7.426510000000000389e+00
9.811420000000000030e+00 -6.571170000000000400e+00
5.308080000000000354e+00 1.252790000000000070e+01
1.675210000000000088e+00 -7.220469999999999722e+00
7.479969999999999786e+00 1.716609999999999969e+00
-5.422979999999999912e+00 6.373949999999999783e+00
-4.852759999999999962e+00 -5.549179999999999779e+00
1.514220000000000077e+01 -5.910499999999999865e+00
8.973240000000000549e+00 1.284800000000000075e+01
1.715019999999999989e+00 -2.341239999999999988e+00
2.745070000000000121e+00 -3.781499999999999861e-01
-8.890900000000000247e+00 1.184559999999999924e+01
-6.458840000000000359e+00 -1.632400000000000162e+01
1.178459999999999930e+01 -7.337270000000000181e+00
7.376640000000000086e+00 1.828399999999999892e+01
4.105310000000000237e+00 -1.271380000000000088e+01
3.382709999999999884e+00 3.796269999999999811e+00
-1.810270000000000046e+00 2.294709999999999805e+00
-1.101149999999999984e+01 -3.161519999999999886e+00
1.394699999999999918e+01 1.411680000000000046e+00
3.294430000000000192e+00 9.844640000000000057e+00
2.094489999999999963e+00 -4.794410000000000061e+00
3.056439999999999824e+00 -1.143960000000000088e+00
-5.853740000000000165e+00 7.280870000000000175e+00
-1.889790000000000081e+00 -6.949889999999999901e+00
1.055659999999999954e+01 -8.137119999999999465e+00
4.772759999999999891e+00 8.143179999999999197e+00
6.512389999999999901e+00 -8.529379999999999740e+00
1.371509999999999962e+01 5.054879999999999818e+00
-2.372650000000000148e+00 5.964859999999999829e+00
-7.471729999999999983e+00 -6.094540000000000290e+00
1.716339999999999932e+01 -8.305709999999999482e-01
9.886839999999999407e+00 7.216689999999999827e+00
5.734219999999999651e+00 -5.873820000000000263e+00
-3.632940000000000058e+00 8.828899999999999526e-01
-1.260360000000000014e+01 6.069209999999999994e+00
-1.261369999999999969e+01 -4.539460000000000051e+00
1.069359999999999999e+01 -1.474399999999999977e+01
2.912850000000000161e+00 1.867340000000000089e+01
4.533100000000000129e+00 -1.769010000000000105e+01
5.162099999999999689e+00 2.626599999999999824e+00
-5.496620000000000061e+00 2.722960000000000047e+00
-1.506479999999999997e+01 -1.524639999999999995e+00
1.000869999999999926e+01 -1.697279999999999900e+00
-2.363070000000000004e+00 1.129010000000000069e+01
-6.247300000000000075e-01 -7.313270000000000159e+00
2.165999999999999925e+00 1.748769999999999936e+00
-6.783400000000000318e+00 2.782090000000000174e+00
-6.024009999999999643e+00 -6.489860000000000184e+00
8.287200000000000344e+00 -4.090480000000000338e+00
1.276450000000000085e+00 1.059539999999999971e+01
2.495049999999999990e+00 -1.193449999999999989e+01
6.927010000000000112e+00 2.836869999999999781e+00
-6.162899999999999601e+00 4.124550000000000161e+00
-3.147940000000000182e+00 -4.940719999999999779e+00
1.457850000000000001e+01 -1.434409999999999963e+00
1.234520000000000017e+01 1.323680000000000057e+01
2.819230000000000125e+00 3.077590000000000048e-01
-1.108680000000000110e+00 7.503589999999999982e-01
-7.237009999999999721e+00 8.495799999999999130e+00
-8.845060000000000144e+00 -4.879780000000000229e+00
1.177059999999999995e+01 -8.593859999999999388e+00
3.677319999999999922e+00 1.342089999999999961e+01
7.485699999999999577e-01 -1.231900000000000084e+01
1.467249999999999943e+00 5.654810000000000336e+00
-3.186030000000000140e+00 4.726119999999999766e-01
-8.514720000000000510e+00 -1.889899999999999913e+00
1.140760000000000041e+01 2.439880000000000049e+00
3.760299999999999754e-01 6.826909999999999812e+00
8.055189999999999850e-01 -3.974540000000000184e+00
2.061290000000000067e+00 3.030370000000000008e+00
-2.378709999999999880e+00 8.784010000000000318e+00
-3.581779999999999964e-01 -9.047719999999999985e+00
1.071959999999999980e+01 -4.829989999999999561e+00
1.405769999999999964e+00 1.081670000000000087e+01
5.399140000000000050e+00 -5.710029999999999717e+00
9.317289999999999850e+00 7.203199999999999825e+00
-3.185410000000000186e-01 2.127940000000000165e+00
-1.188730000000000064e+00 -2.037929999999999797e+00
1.688169999999999860e+01 2.661820000000000075e+00
6.576520000000000366e+00 5.719500000000000028e+00
8.331129999999999924e+00 -2.912869999999999848e+00
-3.947479999999999878e-01 -2.282189999999999941e+00
-1.058859999999999957e+01 7.948680000000000412e+00
-9.007490000000000663e+00 -9.284629999999999939e+00
1.267950000000000088e+01 -1.624780000000000157e+01
4.456470000000000375e+00 1.466619999999999990e+01
5.596260000000000012e+00 -1.378069999999999951e+01
2.475179999999999936e+00 3.658409999999999940e+00
-4.786179999999999879e+00 -2.153109999999999857e+00
-7.518510000000000026e+00 -1.944860000000000033e+00
9.674030000000000129e+00 4.345040000000000013e-01
2.510139999999999816e+00 8.494600000000000151e+00
3.587870000000000115e+00 -6.275920000000000165e+00
5.324939999999999785e+00 8.808799999999999963e-01
-3.922579999999999956e+00 4.011809999999999654e+00
-4.540519999999999889e+00 -7.671529999999999738e+00
1.465970000000000084e+01 -8.092990000000000350e+00
7.028909999999999769e+00 9.934509999999999508e+00
4.447420000000000151e+00 -8.610089999999999577e+00
7.557010000000000005e+00 3.635190000000000143e+00
-2.216880000000000184e+00 4.326710000000000278e+00
-2.385709999999999997e+00 -5.393849999999999589e+00
2.089649999999999963e+01 -4.489539999999999864e+00
1.690350000000000108e+01 9.914580000000000837e+00
4.684059999999999668e+00 -2.359269999999999978e+00
4.505270000000000330e+00 -3.203050000000000175e+00
-7.658360000000000056e+00 9.781800000000000495e+00
-2.670430000000000081e+00 -1.110050000000000026e+01
1.930270000000000152e+01 -7.951249999999999929e+00
5.257019999999999804e+00 1.052940000000000076e+01
9.251269999999999882e+00 -1.038690000000000069e+01
5.246730000000000338e+00 5.545020000000000060e+00
5.083189999999999653e-01 1.756450000000000067e+00
-6.112160000000000259e+00 -9.149329999999999963e-01
1.531470000000000020e+01 1.573919999999999986e+00
5.408820000000000405e+00 5.803759999999999586e+00
4.479650000000000354e+00 -4.166369999999999685e+00
6.023810000000000109e+00 -1.432479999999999976e+00
1.218869999999999898e+00 4.400660000000000238e+00
4.630429999999999824e-01 -7.543669999999999654e+00
1.466600000000000037e+01 -2.796269999999999811e+00
7.471790000000000376e+00 1.088569999999999993e+01
7.976140000000000008e+00 -9.302839999999999776e+00
1.334159999999999968e+01 1.537220000000000031e+00
1.653559999999999919e+00 1.626579999999999915e+00
4.271750000000000269e-01 -4.686810000000000365e+00
2.060069999999999979e+01 -1.818920000000000092e+00
1.189179999999999993e+01 7.280750000000000277e+00
8.717460000000000875e+00 -4.881059999999999732e+00
-4.485289999999999999e+00 2.130610000000000004e-01
-1.607489999999999952e+01 9.599550000000000693e+00
-1.531630000000000003e+01 -8.711700000000000443e+00
1.027730000000000032e+01 -2.041750000000000043e+01
-1.586060000000000025e+00 2.259420000000000073e+01
-6.153729999999999478e-01 -2.154810000000000159e+01
2.206690000000000040e+00 5.336579999999999657e+00
-1.699739999999999895e+01 4.480380000000000251e+00
-1.642729999999999890e+01 -2.488319999999999865e+00
8.085710000000000619e+00 -1.859879999999999867e-01
-8.344300000000000495e+00 1.617109999999999914e+01
-7.701520000000000366e+00 -1.179589999999999961e+01
-3.032200000000000006e+00 9.917390000000000372e-01
-1.076389999999999958e+01 3.381390000000000118e+00
-1.054020000000000046e+01 -7.242639999999999745e+00
6.052550000000000097e+00 -4.887260000000000382e+00
-4.152680000000000149e+00 1.900760000000000005e+01
-8.920099999999999696e-01 -1.223019999999999996e+01
8.981400000000000716e+00 3.217630000000000212e+00
-1.188199999999999967e+01 2.559450000000000003e+00
-6.402219999999999800e+00 -4.166080000000000005e+00
1.314840000000000053e+01 -2.959410000000000096e+00
1.335749999999999993e+01 1.652289999999999992e+01
1.142810000000000104e+00 -2.667269999999999808e+00
2.229230000000000100e-01 1.703780000000000072e+00
-1.153200000000000003e+01 6.716479999999999784e+00
-1.389179999999999993e+01 -5.095449999999999591e+00
7.320140000000000313e+00 -1.758149999999999835e+01
-2.916380000000000194e+00 1.291929999999999978e+01
-9.284989999999999633e-01 -1.261420000000000030e+01
-1.090950000000000086e+00 9.707160000000000011e+00
-5.720600000000000129e+00 -3.938440000000000274e-01
-1.511960000000000015e+01 8.977490000000000192e-01
1.004129999999999967e+01 2.290509999999999824e+00
-3.260870000000000157e+00 8.467109999999999914e+00
-1.300099999999999867e-01 -3.871849999999999792e+00
-1.530849999999999989e-01 6.749959999999999738e+00
-4.579460000000000086e+00 1.443759999999999977e+01
-3.141630000000000145e+00 -1.864260000000000161e+01
1.162989999999999924e+01 -3.102559999999999985e+00
-2.869630000000000236e-01 1.203299999999999947e+01
5.731849999999999667e+00 -9.605610000000000426e+00
9.484880000000000422e+00 5.996129999999999960e+00
-3.743920000000000137e+00 9.059909999999999908e-01
-8.035149999999999793e+00 -1.705680000000000085e+00
1.855430000000000135e+01 8.803599999999999426e+00
9.311880000000000379e+00 1.140680000000000049e+01
4.789819999999999744e+00 -7.440800000000000303e+00
-4.254559999999999675e+00 -5.161260000000000403e+00
-1.375839999999999996e+01 1.457959999999999923e+01
-7.794369999999999798e+00 -1.414480000000000004e+01
8.507839999999999847e+00 -1.301900000000000013e+01
-3.850779999999999759e-01 1.587420000000000009e+01
1.537120000000000042e+00 -1.546209999999999951e+01
3.126840000000000064e+00 5.047550000000000203e+00
-1.337809999999999988e+01 2.563369999999999926e+00
-1.182670000000000066e+01 -6.950350000000000250e+00
1.083469999999999978e+01 7.141260000000000385e-01
-3.642079999999999984e+00 5.363970000000000127e+00
-8.405529999999999946e-01 -7.250580000000000247e+00
4.442940000000000111e+00 -5.820729999999999515e-01
-1.146429999999999971e+01 1.055299999999999905e+00
-7.904770000000000074e+00 -8.209619999999999251e+00
7.945140000000000313e+00 -7.566259999999999764e+00
2.039919999999999956e+00 1.387850000000000072e+01
-1.385170000000000012e+00 -8.235099999999999199e+00
7.626800000000000246e+00 9.196990000000000443e-01
-5.394899999999999807e+00 7.161570000000000213e+00
-3.477580000000000116e+00 -7.556250000000000355e+00
1.497719999999999985e+01 -7.115669999999999717e+00
1.051469999999999949e+01 1.488390000000000057e+01
1.659929999999999906e+00 -2.754070000000000129e-01
7.842090000000000449e-01 -1.010829999999999895e+00
-6.963189999999999991e+00 1.190140000000000065e+01
-4.051720000000000432e+00 -1.718120000000000047e+01
1.538679999999999914e+01 -1.189719999999999978e+01
8.943989999999999441e+00 1.748150000000000048e+01
4.733419999999999739e+00 -1.421540000000000070e+01
5.802810000000000024e+00 5.269449999999999967e+00
-1.566559999999999953e+00 3.021609999999999907e+00
-1.290390000000000015e+01 -1.595839999999999925e+00
1.469860000000000078e+01 2.341899999999999871e+00
3.814060000000000006e+00 1.160440000000000005e+01
2.118809999999999860e+00 -4.129410000000000025e+00
6.447989999999999888e+00 -1.563509999999999955e+00
-4.546789999999999665e+00 7.780199999999999783e+00
-4.046140000000000292e+00 -1.090540000000000020e+01
9.569209999999999994e+00 -7.806569999999999787e+00
5.392400000000000304e+00 8.383739999999999526e+00
5.530850000000000044e+00 -1.171269999999999989e+01
1.461619999999999919e+01 6.958739999999999704e+00
-1.859129999999999949e+00 5.981150000000000411e+00
-3.237649999999999917e+00 -5.245519999999999960e+00
1.604380000000000095e+01 -2.253200000000000092e+00
1.053110000000000035e+01 8.519230000000000302e+00
5.796750000000000291e+00 -3.924399999999999888e+00
-9.169399999999999773e-01 -4.952550000000000008e-01
-1.373129999999999917e+01 6.566349999999999909e+00
-1.432639999999999958e+01 -7.526580000000000048e+00
9.833569999999999922e+00 -1.572059999999999924e+01
-1.022019999999999929e+00 1.699159999999999826e+01
-2.728030000000000177e-01 -1.525029999999999930e+01
6.506459999999999688e+00 3.525869999999999838e+00
-8.247999999999999332e+00 2.572620000000000129e+00
-1.492270000000000074e+01 6.037200000000000205e-02
9.818139999999999645e+00 -3.686980000000000257e-01
-3.397969999999999935e+00 1.176919999999999966e+01
-3.047280000000000211e+00 -7.542229999999999990e+00
-8.852510000000000101e-01 2.892869999999999830e+00
-5.020019999999999705e+00 4.680839999999999890e+00
-7.497760000000000424e+00 -9.324849999999999639e+00
7.930080000000000240e+00 -6.785999999999999588e+00
2.454969999999999930e-01 1.059249999999999936e+01
2.294869999999999965e+00 -9.203799999999999315e+00
5.685069999999999624e+00 4.450470000000000259e-01
-5.127979999999999983e+00 1.280259999999999954e+00
-5.346739999999999604e+00 -6.337060000000000137e+00
1.461839999999999939e+01 7.903750000000000497e-01
9.677160000000000650e+00 1.093539999999999957e+01
1.682809999999999917e+00 -2.535250000000000004e+00
-1.391159999999999952e+00 -2.570160000000000000e+00
-8.255309999999999704e+00 8.312239999999999185e+00
-9.851029999999999731e+00 -6.179649999999999643e+00
7.882299999999999862e+00 -9.500640000000000640e+00
3.035209999999999853e-01 1.474619999999999997e+01
1.266140000000000043e+00 -1.268529999999999980e+01
3.511080000000000201e+00 8.556100000000000705e+00
-1.691419999999999924e+00 1.604579999999999895e+00
-8.277409999999999712e+00 -5.534540000000000015e-01
1.293210000000000015e+01 4.172349999999999781e+00
2.089690000000000047e+00 5.531789999999999985e+00
2.362769999999999815e+00 -2.748520000000000074e+00
3.053659999999999819e+00 2.131860000000000088e+00
-3.875480000000000036e+00 9.714029999999999276e+00
-4.268510000000000026e+00 -1.231680000000000064e+01
9.947250000000000369e+00 -3.419500000000000206e+00
2.391500000000000181e+00 9.167020000000000834e+00
2.277530000000000054e+00 -6.554149999999999920e+00
9.385780000000000456e+00 4.126669999999999838e+00
-1.639650000000000052e+00 2.493430000000000035e+00
-4.509170000000000122e+00 -2.697560000000000180e+00
1.700949999999999918e+01 4.539220000000000255e+00
8.153890000000000526e+00 7.487269999999999648e+00
6.885309999999999597e+00 -3.205890000000000128e+00
-3.926909999999999901e+00 -1.517579999999999929e+00
-9.529820000000000846e+00 1.018570000000000064e+01
-8.959289999999999310e+00 -1.121819999999999951e+01
1.257329999999999970e+01 -1.020500000000000007e+01
5.574849999999999639e+00 1.661139999999999972e+01
4.847290000000000099e+00 -1.630160000000000053e+01
2.644190000000000040e+00 1.279249999999999998e+00
-6.439829999999999721e+00 1.470239999999999991e+00
-8.938349999999999795e+00 -3.421910000000000007e+00
1.116929999999999978e+01 -8.800419999999999909e-01
8.909470000000000445e-01 9.276690000000000325e+00
2.177770000000000206e+00 -5.273069999999999702e+00
3.301870000000000083e+00 1.240390000000000104e+00
-5.933189999999999742e+00 4.978500000000000369e+00
-4.430659999999999599e+00 -9.391759999999999664e+00
1.182740000000000080e+01 -5.328159999999999563e+00
3.335649999999999782e+00 1.064100000000000001e+01
1.886239999999999917e+00 -8.623359999999999914e+00
8.014960000000000306e+00 2.234510000000000107e-01
-3.031130000000000102e+00 4.501210000000000377e+00
2.250560000000000116e+00 -6.125980000000000203e+00
1.757669999999999888e+01 -3.809619999999999784e+00
1.342239999999999966e+01 9.743180000000000618e+00
7.788400000000000212e+00 -2.556750000000000078e+00
1.895590000000000108e+00 -1.344799999999999995e+00
-6.554870000000000196e+00 1.045640000000000036e+01
-5.093910000000000160e+00 -1.058329999999999949e+01
1.655330000000000013e+01 -8.976549999999999585e+00
5.811029999999999696e+00 1.286110000000000042e+01
8.881790000000000518e+00 -1.060379999999999967e+01
6.464459999999999873e+00 7.335139999999999993e+00
1.721449999999999925e+00 8.981839999999999824e-01
-7.809650000000000425e+00 4.131119999999999792e-01
1.485210000000000008e+01 -6.590080000000000382e-01
5.893069999999999808e+00 3.355939999999999923e+00
3.612080000000000179e+00 -1.956919999999999993e+00
8.146250000000000213e+00 -2.899439999999999795e-01
-2.368450000000000000e-01 3.401470000000000216e+00
3.806659999999999933e+00 -8.838359999999999772e+00
1.361660000000000004e+01 -5.478530000000000122e+00
9.366199999999999193e+00 1.047189999999999976e+01
5.404899999999999594e+00 -1.011679999999999957e+01
1.348659999999999926e+01 5.012660000000000338e+00
-1.377289999999999903e-01 1.028480000000000061e+00
3.097779999999999978e-01 -3.295960000000000001e+00
1.998489999999999966e+01 2.769320000000000004e+00
1.322879999999999967e+01 7.702340000000000408e+00
6.544970000000000176e+00 -5.675300000000000011e+00
-2.204909999999999926e+00 -8.024890000000000079e-01
-1.209839999999999982e+01 8.915729999999999933e+00
-1.145620000000000083e+01 -9.247590000000000643e+00
1.134769999999999968e+01 -1.717119999999999891e+01
2.145789999999999864e+00 2.068220000000000169e+01
1.461310000000000109e+00 -1.985610000000000142e+01
2.285690000000000222e+00 6.590010000000000367e+00
-1.134409999999999918e+01 4.781430000000000291e+00
-1.325200000000000067e+01 -3.714210000000000012e+00
9.855729999999999436e+00 -1.320259999999999989e+00
-6.050779999999999603e+00 1.395930000000000071e+01
-4.153699999999999726e+00 -7.013469999999999871e+00
2.068839999999999790e+00 5.870090000000000030e-01
-7.800309999999999633e+00 4.009610000000000340e+00
-6.065940000000000332e+00 -4.355769999999999698e+00
9.271039999999999281e+00 -4.580930000000000391e+00
-2.494889999999999830e+00 1.412369999999999948e+01
1.624000000000000110e+00 -1.077970000000000006e+01
9.454140000000000654e+00 3.672499999999999876e+00
-9.866400000000000503e+00 4.015380000000000393e+00
-4.910260000000000069e+00 -3.186620000000000008e+00
1.350040000000000084e+01 -3.693169999999999842e+00
1.572729999999999961e+01 1.288269999999999982e+01
3.162319999999999798e+00 -3.578689999999999927e+00
1.198970000000000036e-01 -1.004750000000000032e+00
-8.026460000000000150e+00 6.385500000000000398e+00
-1.078630000000000067e+01 -4.025050000000000239e+00
1.049070000000000036e+01 -1.169689999999999941e+01
1.307590000000000030e+00 1.191009999999999991e+01
1.535369999999999902e+00 -1.143810000000000038e+01
1.488059999999999938e+00 8.589470000000000383e+00
-5.339669999999999916e+00 1.104340000000000099e+00
-9.126929999999999765e+00 7.593860000000000054e-01
9.026320000000000121e+00 7.963540000000000063e-01
-9.408900000000000041e-01 6.739770000000000039e+00
3.841630000000000045e-02 -2.939280000000000115e+00
5.176219999999999821e+00 2.700169999999999959e+00
-2.614700000000000024e+00 1.033740000000000059e+01
-1.788829999999999920e+00 -1.395069999999999943e+01
1.086410000000000053e+01 -7.766030000000000433e-01
1.384439999999999893e+00 1.097160000000000046e+01
6.428099999999999703e+00 -6.016989999999999839e+00
1.099750000000000050e+01 4.212780000000000413e+00
-1.548200000000000021e+00 2.713400000000000034e+00
-2.790719999999999867e+00 -3.353979999999999961e+00
1.902509999999999835e+01 4.921840000000000437e+00
8.233950000000000102e+00 7.095609999999999751e+00
5.153760000000000119e+00 -5.479689999999999728e+00
-2.067099999999999937e+00 -3.743570000000000064e+00
-1.047199999999999953e+01 1.162959999999999994e+01
-7.062839999999999563e+00 -1.476389999999999958e+01
1.021889999999999965e+01 -8.620799999999999130e+00
1.443079999999999918e+00 1.546950000000000003e+01
3.164769999999999861e+00 -1.348470000000000013e+01
6.118339999999999890e+00 4.940109999999999779e+00
-6.775199999999999889e+00 2.163149999999999906e+00
-9.007440000000000779e+00 -6.165829999999999700e+00
1.223429999999999929e+01 7.218470000000000164e-01
-3.837519999999999820e-01 5.642059999999999853e+00
2.385219999999999896e+00 -5.720379999999999576e+00
5.561499999999999666e+00 4.453909999999999814e-01
-7.224210000000000242e+00 3.040480000000000071e+00
-3.053389999999999826e+00 -5.359950000000000436e+00
1.054729999999999990e+01 -6.765539999999999665e+00
6.062990000000000101e+00 1.141489999999999938e+01
1.493349999999999955e+00 -8.134809999999999874e+00
8.877060000000000173e+00 2.497819999999999901e-02
-3.195409999999999862e+00 5.635629999999999917e+00
-1.013730000000000020e+00 -6.449600000000000222e+00
1.942500000000000071e+01 -5.079060000000000130e+00
1.262229999999999919e+01 1.048380000000000045e+01
4.227619999999999933e+00 -1.263169999999999904e+00
3.710799999999999876e+00 -4.659079999999999888e-01
-5.270010000000000083e+00 8.773690000000000211e+00
-4.020360000000000156e+00 -1.225970000000000049e+01
1.337420000000000009e+01 -9.162359999999999616e+00
8.004339999999999122e+00 1.441469999999999985e+01
6.825540000000000163e+00 -1.201340000000000074e+01
5.023159999999999847e+00 3.976539999999999964e+00
6.862549999999999484e-01 2.124569999999999848e+00
-9.082879999999999399e+00 -3.597789999999999822e+00
1.409970000000000034e+01 1.336219999999999963e+00
6.210580000000000211e+00 8.435710000000000264e+00
5.432970000000000077e+00 -4.053189999999999849e+00
5.593390000000000306e+00 -5.103699999999999903e-01
-2.264990000000000059e+00 7.322040000000000326e+00
1.336489999999999956e+00 -6.983970000000000233e+00
1.145579999999999998e+01 -6.752510000000000012e+00
7.823059999999999903e+00 8.404070000000000817e+00
6.869830000000000325e+00 -8.725059999999999150e+00
1.534040000000000070e+01 5.487490000000000201e+00
7.447409999999999863e-01 5.224700000000000344e+00
-1.477389999999999981e+00 -4.580090000000000217e+00
1.734680000000000177e+01 -1.393890000000000073e+00
1.125960000000000072e+01 4.852599999999999802e+00
7.584089999999999776e+00 -4.209660000000000402e+00
-1.114069999999999894e+00 -1.878400000000000070e+00
-8.952510000000000190e+00 7.243820000000000370e+00
-9.430199999999999250e+00 -6.918009999999999771e+00
1.468490000000000073e+01 -1.334670000000000023e+01
5.017240000000000144e+00 1.891610000000000014e+01
4.278459999999999930e+00 -1.619160000000000110e+01
8.582340000000000302e+00 1.879709999999999992e+00
-5.765629999999999811e+00 2.743520000000000181e+00
-1.025880000000000081e+01 -2.109350000000000058e+00
1.067570000000000086e+01 -1.939699999999999980e+00
-1.068429999999999935e-01 8.886609999999999232e+00
2.362820000000000142e+00 -6.713079999999999714e+00
3.936669999999999892e+00 3.437829999999999941e+00
-4.270769999999999733e+00 4.148810000000000109e+00
-4.797620000000000218e+00 -5.192879999999999718e+00
1.040789999999999971e+01 -5.056729999999999947e+00
3.406359999999999832e+00 1.061689999999999934e+01
3.924939999999999873e+00 -9.635740000000000194e+00
6.672270000000000145e+00 1.668199999999999905e+00
-2.734900000000000109e+00 2.559820000000000206e+00
-1.265490000000000004e+00 -4.218820000000000014e+00
1.527110000000000056e+01 -5.380570000000000075e-01
1.535689999999999955e+01 1.044679999999999964e+01
5.695700000000000429e+00 -1.816210000000000102e+00
2.797550000000000203e+00 -2.513460000000000139e-01
-4.560270000000000046e+00 7.524840000000000195e+00
-7.308019999999999960e+00 -5.095839999999999925e+00
1.221969999999999956e+01 -1.046780000000000044e+01
4.171190000000000175e+00 1.205030000000000001e+01
4.203109999999999680e+00 -9.814379999999999882e+00
4.777289999999999814e+00 7.940920000000000201e+00
-1.315989999999999993e+00 -1.257089999999999874e-01
-7.330610000000000070e+00 -2.015829999999999789e+00
1.061730000000000018e+01 2.598390000000000200e+00
3.374839999999999840e+00 6.116760000000000197e+00
4.193489999999999718e+00 -4.105290000000000106e+00
4.721589999999999954e+00 3.797969999999999846e+00
-4.073840000000000239e-01 7.533710000000000129e+00
7.284199999999999564e-01 -1.040590000000000082e+01
1.237759999999999927e+01 -3.762799999999999923e+00
4.353040000000000020e+00 9.052530000000000854e+00
8.091450000000000031e+00 -6.856650000000000134e+00
1.053129999999999988e+01 6.292550000000000310e+00
9.564909999999999801e-01 4.140430000000000277e+00
-5.712150000000000283e-01 -2.906039999999999957e+00
1.910200000000000031e+01 3.462979999999999947e+00
9.072720000000000340e+00 6.605100000000000193e+00
9.439140000000000086e+00 -2.674819999999999975e+00
2.509630000000000027e+00 -1.354049999999999976e+00
-7.585650000000000226e+00 7.484860000000000291e+00
-6.679009999999999891e+00 -8.278330000000000410e+00
1.447450000000000081e+01 -1.228619999999999912e+01
5.754220000000000113e+00 1.510650000000000048e+01
6.915869999999999962e+00 -1.320359999999999978e+01
5.623619999999999841e+00 2.025879999999999903e+00
-9.448389999999999844e-01 6.626309999999999700e-01
-5.522429999999999950e+00 -2.028989999999999849e+00
1.297129999999999939e+01 3.538089999999999846e-01
2.595149999999999846e+00 7.947809999999999597e+00
5.222999999999999865e+00 -4.411679999999999602e+00
6.660650000000000404e+00 4.322289999999999743e-01
-1.291830000000000034e+00 3.815280000000000005e+00
-1.590309999999999890e+00 -6.370059999999999611e+00
1.463090000000000046e+01 -5.381599999999999717e+00
6.703310000000000102e+00 8.997930000000000206e+00
5.455750000000000099e+00 -8.349309999999999121e+00
1.051069999999999993e+01 3.106079999999999952e+00
1.844459999999999988e+00 3.553679999999999950e+00
7.444150000000000489e-01 -5.956839999999999691e+00
1.955150000000000077e+01 -4.472970000000000113e+00
1.688500000000000156e+01 6.990319999999999645e+00
7.700940000000000119e+00 -2.280930000000000124e+00
5.974120000000000097e+00 -3.413530000000000175e+00
-2.544049999999999923e+00 7.229219999999999757e+00
-1.090629999999999988e+00 -8.761279999999999291e+00
1.783689999999999998e+01 -7.139809999999999768e+00
7.022979999999999556e+00 1.037260000000000026e+01
9.656290000000000262e+00 -1.158919999999999995e+01
9.077120000000000744e+00 5.688369999999999926e+00
3.556550000000000100e+00 -6.522930000000000395e-02
-3.079680000000000195e+00 4.286110000000000197e-01
1.846900000000000119e+01 4.446320000000000272e-01
6.887529999999999930e+00 4.764610000000000234e+00
5.392369999999999663e+00 -3.154910000000000103e+00
9.099349999999999383e+00 1.487719999999999876e-01
1.071399999999999908e+00 3.783090000000000064e+00
3.212229999999999919e+00 -5.873750000000000249e+00
1.443590000000000018e+01 -4.651130000000000209e+00
9.215780000000000527e+00 1.057670000000000066e+01
8.960440000000000182e+00 -8.576909999999999812e+00
1.450789999999999935e+01 3.036669999999999980e+00
3.285369999999999902e+00 3.012109999999999843e+00
3.185360000000000191e+00 -4.435749999999999638e+00
2.164160000000000039e+01 3.990049999999999986e-01
1.304010000000000069e+01 5.984729999999999883e+00
9.326980000000000715e+00 -4.307710000000000150e+00
