0 0
0 0
0 0
0 0
0 0
0 0
0 0
0 0
0 0
0 0
0 0
-1.46509 0
-1.93018 0
-3.88022 0
-6.29536 0
-6.29536 0
-8.71049 0
-5.92756 0
-5.55977 0
-2.60904 0
0.709489 0
0.709489 0
4.02802 0
4.02802 0
7.34654 0
7.34654 0
10.6651 0
10.6651 0
13.9836 0
13.9836 0
17.3021 0
17.3021 0
20.6206 0
19.6206 0
22.9392 0
22.9392 0
22.9392 0
22.9392 0
26.2577 0
26.2577 0
26.2577 0
26.2577 0
29.5762 0
29.5762 0
29.5762 0
29.5762 0
32.8948 0
32.8948 0
32.8948 0
32.8948 0
36.2133 0
36.2133 0
36.2133 0
36.2133 0
39.5318 0
39.5318 0
39.5318 0
39.5318 0
42.8503 0
42.8503 0
42.8503 0
42.8503 0
46.1689 0
46.1689 0
46.1689 0
46.1689 0
49.4874 0
49.4874 0
49.4874 0
49.4874 0
52.8059 0
52.8059 0
52.8059 0
52.8059 0
56.1244 0
56.1244 0
56.1244 0
51.3408 0
50.8757 0
50.8757 0
50.8757 0
50.8757 0
50.8757 0
50.8757 0
50.8757 0
48.9257 0
46.5106 0
46.5106 0
46.5106 0
46.5106 0
46.5106 0
46.5106 0
46.5106 0
49.2935 0
49.6613 0
49.6613 0
49.6613 0
49.6613 0
49.6613 0
49.6613 0
49.6613 0
52.612 0
55.9305 0
55.9305 0
55.9305 0
55.9305 0
55.9305 0
55.9305 0
55.9305 0
55.9305 0
59.2491 0
59.2491 0
59.2491 0
59.2491 0
59.2491 0
59.2491 0
59.2491 0
59.2491 0
62.5676 0
62.5676 0
62.5676 0
62.5676 0
62.5676 0
62.5676 0
62.5676 0
62.5676 0
65.8861 0
65.8861 0
65.8861 0
65.8861 0
65.8861 0
65.8861 0
65.8861 0
65.8861 0
69.2046 0
69.2046 0
69.2046 0
69.2046 0
69.2046 0
69.2046 0
69.2046 0
69.2046 0
72.5232 0
72.5232 0
72.5232 0
72.5232 0
72.5232 0
72.5232 0
72.5232 0
72.5232 0
75.8417 0
75.8417 0
75.8417 0
75.8417 0
75.8417 0
75.8417 0
75.8417 0
75.8417 0
79.1602 0
79.1602 0
79.1602 0
79.1602 0
79.1602 0
79.1602 0
79.1602 0
78.1602 0
81.4787 0
81.4787 0
81.4787 0
81.4787 0
81.4787 0
81.4787 0
81.4787 0
81.4787 0
81.4787 0
81.4787 0
81.4787 0
81.4787 0
81.4787 0
81.4787 0
81.4787 0
81.4787 0
84.7972 0
84.7972 0
84.7972 0
84.7972 0
84.7972 0
84.7972 0
84.7972 0
84.7972 0
84.7972 0
84.7972 0
84.7972 0
84.7972 0
84.7972 0
84.7972 0
84.7972 0
84.7972 0
88.1158 0
88.1158 0
88.1158 0
88.1158 0
88.1158 0
88.1158 0
88.1158 0
88.1158 0
88.1158 0
88.1158 0
88.1158 0
88.1158 0
88.1158 0
88.1158 0
88.1158 0
88.1158 0
91.4343 0
91.4343 0
91.4343 0
91.4343 0
91.4343 0
91.4343 0
91.4343 0
91.4343 0
91.4343 0
91.4343 0
91.4343 0
91.4343 0
91.4343 0
91.4343 0
91.4343 0
91.4343 0
94.7528 0
94.7528 0
94.7528 0
94.7528 0
94.7528 0
94.7528 0
94.7528 0
94.7528 0
94.7528 0
94.7528 0
94.7528 0
94.7528 0
94.7528 0
94.7528 0
94.7528 0
94.7528 0
98.0713 0
98.0713 0
98.0713 0
98.0713 0
98.0713 0
98.0713 0
98.0713 0
98.0713 0
98.0713 0
98.0713 0
98.0713 0
98.0713 0
98.0713 0
98.0713 0
98.0713 0
98.0713 0
101.39 0
101.39 0
101.39 0
101.39 0
101.39 0
101.39 0
101.39 0
101.39 0
101.39 0
101.39 0
101.39 0
101.39 0
101.39 0
101.39 0
101.39 0
101.39 0
104.708 0
104.708 0
104.708 0
104.708 0
104.708 0
104.708 0
104.708 0
104.708 0
104.708 0
104.708 0
104.708 0
104.708 0
104.708 0
104.708 0
104.708 0
104.708 0
108.027 0
108.027 0
108.027 0
108.027 0
108.027 0
108.027 0
108.027 0
108.027 0
108.027 0
108.027 0
108.027 0
108.027 0
108.027 0
108.027 0
108.027 0
108.027 0
111.345 0
111.345 0
111.345 0
111.345 0
111.345 0
111.345 0
111.345 0
111.345 0
111.345 0
111.345 0
111.345 0
111.345 0
111.345 0
111.345 0
111.345 0
111.345 0
114.664 0
114.664 0
114.664 0
114.664 0
114.664 0
114.664 0
114.664 0
114.664 0
114.664 0
114.664 0
114.664 0
114.664 0
114.664 0
114.664 0
114.664 0
109.88 0
109.415 0
109.415 0
109.415 0
109.415 0
109.415 0
109.415 0
109.415 0
109.415 0
109.415 0
109.415 0
109.415 0
109.415 0
109.415 0
109.415 0
109.415 0
109.415 0
109.415 0
109.415 0
109.415 0
109.415 0
109.415 0
109.415 0
109.415 0
109.415 0
109.415 0
109.415 0
109.415 0
109.415 0
109.415 0
109.415 0
109.415 0
107.465 0
105.05 0
105.05 0
105.05 0
105.05 0
105.05 0
105.05 0
105.05 0
105.05 0
105.05 0
105.05 0
105.05 0
105.05 0
105.05 0
105.05 0
105.05 0
105.05 0
105.05 0
105.05 0
105.05 0
105.05 0
105.05 0
105.05 0
105.05 0
105.05 0
105.05 0
105.05 0
105.05 0
105.05 0
105.05 0
105.05 0
105.05 0
107.833 0
108.201 0
108.201 0
108.201 0
108.201 0
108.201 0
108.201 0
108.201 0
108.201 0
108.201 0
108.201 0
108.201 0
108.201 0
108.201 0
108.201 0
108.201 0
108.201 0
108.201 0
108.201 0
108.201 0
108.201 0
108.201 0
108.201 0
108.201 0
108.201 0
108.201 0
108.201 0
108.201 0
108.201 0
108.201 0
108.201 0
108.201 0
111.152 0
114.47 0
114.47 0
114.47 0
114.47 0
114.47 0
114.47 0
114.47 0
114.47 0
114.47 0
114.47 0
114.47 0
114.47 0
114.47 0
114.47 0
114.47 0
114.47 0
114.47 0
114.47 0
114.47 0
114.47 0
114.47 0
114.47 0
114.47 0
114.47 0
114.47 0
114.47 0
114.47 0
114.47 0
114.47 0
114.47 0
114.47 0
114.47 0
117.789 0
117.789 0
117.789 0
117.789 0
117.789 0
117.789 0
117.789 0
117.789 0
117.789 0
117.789 0
117.789 0
117.789 0
117.789 0
117.789 0
117.789 0
117.789 0
117.789 0
117.789 0
117.789 0
117.789 0
117.789 0
117.789 0
117.789 0
117.789 0
117.789 0
117.789 0
117.789 0
117.789 0
117.789 0
117.789 0
117.789 0
117.789 0
121.107 0
121.107 0
121.107 0
121.107 0
121.107 0
121.107 0
121.107 0
121.107 0
121.107 0
121.107 0
121.107 0
121.107 0
121.107 0
121.107 0
121.107 0
121.107 0
121.107 0
121.107 0
121.107 0
121.107 0
121.107 0
121.107 0
121.107 0
121.107 0
121.107 0
121.107 0
121.107 0
121.107 0
121.107 0
121.107 0
121.107 0
121.107 0
124.426 0
124.426 0
124.426 0
124.426 0
124.426 0
124.426 0
124.426 0
124.426 0
124.426 0
124.426 0
124.426 0
124.426 0
124.426 0
124.426 0
124.426 0
124.426 0
124.426 0
124.426 0
124.426 0
124.426 0
124.426 0
124.426 0
124.426 0
124.426 0
124.426 0
124.426 0
124.426 0
124.426 0
124.426 0
124.426 0
124.426 0
124.426 0
127.744 0
127.744 0
127.744 0
127.744 0
127.744 0
127.744 0
127.744 0
127.744 0
127.744 0
127.744 0
127.744 0
127.744 0
127.744 0
127.744 0
127.744 0
127.744 0
127.744 0
127.744 0
127.744 0
127.744 0
127.744 0
127.744 0
127.744 0
127.744 0
127.744 0
127.744 0
127.744 0
127.744 0
127.744 0
127.744 0
127.744 0
127.744 0
131.063 0
131.063 0
131.063 0
131.063 0
131.063 0
131.063 0
131.063 0
131.063 0
131.063 0
131.063 0
131.063 0
131.063 0
131.063 0
131.063 0
131.063 0
131.063 0
131.063 0
131.063 0
131.063 0
131.063 0
131.063 0
131.063 0
131.063 0
131.063 0
131.063 0
131.063 0
131.063 0
131.063 0
131.063 0
131.063 0
131.063 0
131.063 0
134.381 0
134.381 0
134.381 0
134.381 0
134.381 0
134.381 0
134.381 0
134.381 0
134.381 0
134.381 0
134.381 0
134.381 0
134.381 0
134.381 0
134.381 0
134.381 0
134.381 0
134.381 0
134.381 0
134.381 0
134.381 0
134.381 0
134.381 0
134.381 0
134.381 0
134.381 0
134.381 0
134.381 0
134.381 0
134.381 0
134.381 0
134.381 0
137.7 0
137.7 0
137.7 0
137.7 0
137.7 0
137.7 0
137.7 0
137.7 0
137.7 0
137.7 0
137.7 0
137.7 0
137.7 0
137.7 0
137.7 0
137.7 0
137.7 0
137.7 0
137.7 0
137.7 0
137.7 0
137.7 0
137.7 0
137.7 0
137.7 0
137.7 0
137.7 0
137.7 0
137.7 0
137.7 0
137.7 0
136.7 0
140.018 0
140.018 0
140.018 0
140.018 0
140.018 0
140.018 0
140.018 0
140.018 0
140.018 0
140.018 0
140.018 0
140.018 0
140.018 0
140.018 0
140.018 0
140.018 0
140.018 0
140.018 0
140.018 0
140.018 0
140.018 0
140.018 0
140.018 0
140.018 0
140.018 0
140.018 0
140.018 0
140.018 0
140.018 0
140.018 0
140.018 0
140.018 0
140.018 0
140.018 0
140.018 0
140.018 0
140.018 0
140.018 0
140.018 0
140.018 0
140.018 0
140.018 0
140.018 0
140.018 0
140.018 0
140.018 0
140.018 0
140.018 0
140.018 0
140.018 0
140.018 0
140.018 0
140.018 0
140.018 0
140.018 0
140.018 0
140.018 0
140.018 0
140.018 0
140.018 0
140.018 0
140.018 0
140.018 0
140.018 0
143.337 0
143.337 0
143.337 0
143.337 0
143.337 0
143.337 0
143.337 0
143.337 0
143.337 0
143.337 0
143.337 0
143.337 0
143.337 0
143.337 0
143.337 0
143.337 0
143.337 0
143.337 0
143.337 0
143.337 0
143.337 0
143.337 0
143.337 0
143.337 0
143.337 0
143.337 0
143.337 0
143.337 0
143.337 0
143.337 0
143.337 0
143.337 0
143.337 0
143.337 0
143.337 0
143.337 0
143.337 0
143.337 0
143.337 0
143.337 0
143.337 0
143.337 0
143.337 0
143.337 0
143.337 0
143.337 0
143.337 0
143.337 0
143.337 0
143.337 0
143.337 0
143.337 0
143.337 0
143.337 0
143.337 0
143.337 0
143.337 0
143.337 0
143.337 0
143.337 0
143.337 0
143.337 0
143.337 0
143.337 0
146.655 0
146.655 0
146.655 0
146.655 0
146.655 0
146.655 0
146.655 0
146.655 0
146.655 0
146.655 0
146.655 0
146.655 0
146.655 0
146.655 0
146.655 0
146.655 0
146.655 0
146.655 0
146.655 0
146.655 0
146.655 0
146.655 0
146.655 0
146.655 0
146.655 0
146.655 0
146.655 0
146.655 0
146.655 0
146.655 0
146.655 0
146.655 0
146.655 0
146.655 0
146.655 0
146.655 0
146.655 0
146.655 0
146.655 0
146.655 0
146.655 0
146.655 0
146.655 0
146.655 0
146.655 0
146.655 0
146.655 0
146.655 0
146.655 0
146.655 0
146.655 0
146.655 0
146.655 0
146.655 0
146.655 0
146.655 0
146.655 0
146.655 0
146.655 0
146.655 0
146.655 0
146.655 0
146.655 0
146.655 0
149.974 0
149.974 0
149.974 0
149.974 0
149.974 0
149.974 0
149.974 0
149.974 0
149.974 0
149.974 0
149.974 0
149.974 0
149.974 0
149.974 0
149.974 0
149.974 0
149.974 0
149.974 0
149.974 0
149.974 0
149.974 0
149.974 0
149.974 0
149.974 0
149.974 0
149.974 0
149.974 0
149.974 0
149.974 0
149.974 0
149.974 0
149.974 0
149.974 0
149.974 0
149.974 0
149.974 0
149.974 0
149.974 0
149.974 0
149.974 0
149.974 0
149.974 0
149.974 0
149.974 0
149.974 0
149.974 0
149.974 0
149.974 0
149.974 0
149.974 0
149.974 0
149.974 0
149.974 0
149.974 0
149.974 0
149.974 0
149.974 0
149.974 0
149.974 0
149.974 0
149.974 0
149.974 0
149.974 0
149.974 0
153.292 0
153.292 0
153.292 0
153.292 0
153.292 0
153.292 0
153.292 0
153.292 0
153.292 0
153.292 0
153.292 0
153.292 0
153.292 0
153.292 0
153.292 0
153.292 0
153.292 0
153.292 0
153.292 0
153.292 0
153.292 0
153.292 0
153.292 0
153.292 0
153.292 0
153.292 0
153.292 0
153.292 0
153.292 0
153.292 0
153.292 0
153.292 0
153.292 0
153.292 0
153.292 0
153.292 0
153.292 0
153.292 0
153.292 0
153.292 0
153.292 0
153.292 0
153.292 0
153.292 0
153.292 0
153.292 0
153.292 0
153.292 0
153.292 0
153.292 0
153.292 0
153.292 0
153.292 0
153.292 0
153.292 0
153.292 0
153.292 0
153.292 0
153.292 0
153.292 0
153.292 0
153.292 0
153.292 0
153.292 0
156.611 0
156.611 0
156.611 0
156.611 0
156.611 0
156.611 0
156.611 0
156.611 0
156.611 0
156.611 0
156.611 0
156.611 0
156.611 0
156.611 0
156.611 0
156.611 0
156.611 0
156.611 0
156.611 0
156.611 0
156.611 0
156.611 0
156.611 0
156.611 0
156.611 0
156.611 0
156.611 0
156.611 0
156.611 0
156.611 0
156.611 0
156.611 0
156.611 0
156.611 0
156.611 0
156.611 0
156.611 0
156.611 0
156.611 0
156.611 0
156.611 0
156.611 0
156.611 0
156.611 0
156.611 0
156.611 0
156.611 0
156.611 0
156.611 0
156.611 0
156.611 0
156.611 0
156.611 0
156.611 0
156.611 0
156.611 0
156.611 0
156.611 0
156.611 0
156.611 0
156.611 0
156.611 0
156.611 0
156.611 0
159.929 0
159.929 0
159.929 0
159.929 0
159.929 0
159.929 0
159.929 0
159.929 0
159.929 0
159.929 0
159.929 0
159.929 0
159.929 0
159.929 0
159.929 0
159.929 0
159.929 0
159.929 0
159.929 0
159.929 0
159.929 0
159.929 0
159.929 0
159.929 0
159.929 0
159.929 0
159.929 0
159.929 0
159.929 0
159.929 0
159.929 0
159.929 0
159.929 0
159.929 0
159.929 0
159.929 0
159.929 0
159.929 0
159.929 0
159.929 0
159.929 0
159.929 0
159.929 0
159.929 0
159.929 0
159.929 0
159.929 0
159.929 0
159.929 0
159.929 0
159.929 0
159.929 0
159.929 0
159.929 0
159.929 0
159.929 0
159.929 0
159.929 0
159.929 0
159.929 0
159.929 0
159.929 0
159.929 0
159.929 0
163.248 0
163.248 0
163.248 0
163.248 0
163.248 0
163.248 0
163.248 0
163.248 0
163.248 0
163.248 0
163.248 0
163.248 0
163.248 0
163.248 0
163.248 0
163.248 0
163.248 0
163.248 0
163.248 0
163.248 0
163.248 0
163.248 0
163.248 0
163.248 0
163.248 0
163.248 0
163.248 0
163.248 0
163.248 0
163.248 0
163.248 0
163.248 0
163.248 0
163.248 0
163.248 0
163.248 0
163.248 0
163.248 0
163.248 0
163.248 0
163.248 0
163.248 0
163.248 0
163.248 0
163.248 0
163.248 0
163.248 0
163.248 0
163.248 0
163.248 0
163.248 0
163.248 0
163.248 0
163.248 0
163.248 0
163.248 0
163.248 0
163.248 0
163.248 0
163.248 0
163.248 0
163.248 0
163.248 0
163.248 0
166.566 0
166.566 0
166.566 0
166.566 0
166.566 0
166.566 0
166.566 0
166.566 0
166.566 0
166.566 0
166.566 0
166.566 0
166.566 0
166.566 0
166.566 0
166.566 0
166.566 0
166.566 0
166.566 0
166.566 0
166.566 0
166.566 0
166.566 0
166.566 0
166.566 0
166.566 0
166.566 0
166.566 0
166.566 0
166.566 0
166.566 0
166.566 0
166.566 0
166.566 0
166.566 0
166.566 0
166.566 0
166.566 0
166.566 0
166.566 0
166.566 0
166.566 0
166.566 0
166.566 0
166.566 0
166.566 0
166.566 0
166.566 0
166.566 0
166.566 0
166.566 0
166.566 0
166.566 0
166.566 0
166.566 0
166.566 0
166.566 0
166.566 0
166.566 0
166.566 0
166.566 0
166.566 0
166.566 0
166.566 0
169.885 0
169.885 0
169.885 0
169.885 0
169.885 0
169.885 0
169.885 0
169.885 0
169.885 0
169.885 0
169.885 0
169.885 0
169.885 0
169.885 0
169.885 0
169.885 0
169.885 0
169.885 0
169.885 0
169.885 0
169.885 0
169.885 0
169.885 0
169.885 0
169.885 0
169.885 0
169.885 0
169.885 0
169.885 0
169.885 0
169.885 0
169.885 0
169.885 0
169.885 0
169.885 0
169.885 0
169.885 0
169.885 0
169.885 0
169.885 0
169.885 0
169.885 0
169.885 0
169.885 0
169.885 0
169.885 0
169.885 0
169.885 0
169.885 0
169.885 0
169.885 0
169.885 0
169.885 0
169.885 0
169.885 0
169.885 0
169.885 0
169.885 0
169.885 0
169.885 0
169.885 0
169.885 0
169.885 0
169.885 0
173.203 0
173.203 0
173.203 0
173.203 0
173.203 0
173.203 0
173.203 0
173.203 0
173.203 0
173.203 0
173.203 0
173.203 0
173.203 0
173.203 0
173.203 0
173.203 0
173.203 0
173.203 0
173.203 0
173.203 0
173.203 0
173.203 0
173.203 0
173.203 0
173.203 0
173.203 0
173.203 0
173.203 0
173.203 0
173.203 0
173.203 0
173.203 0
173.203 0
173.203 0
173.203 0
173.203 0
173.203 0
173.203 0
173.203 0
173.203 0
173.203 0
173.203 0
173.203 0
173.203 0
173.203 0
173.203 0
173.203 0
173.203 0
173.203 0
173.203 0
173.203 0
173.203 0
173.203 0
173.203 0
173.203 0
173.203 0
173.203 0
173.203 0
173.203 0
173.203 0
173.203 0
173.203 0
173.203 0
168.42 0
167.955 0
167.955 0
167.955 0
167.955 0
167.955 0
167.955 0
167.955 0
167.955 0
167.955 0
167.955 0
167.955 0
167.955 0
167.955 0
167.955 0
167.955 0
167.955 0
167.955 0
167.955 0
167.955 0
167.955 0
167.955 0
167.955 0
167.955 0
167.955 0
167.955 0
167.955 0
167.955 0
167.955 0
167.955 0
167.955 0
167.955 0
167.955 0
167.955 0
167.955 0
167.955 0
167.955 0
167.955 0
167.955 0
167.955 0
167.955 0
167.955 0
167.955 0
167.955 0
167.955 0
167.955 0
167.955 0
167.955 0
167.955 0
167.955 0
167.955 0
167.955 0
167.955 0
167.955 0
167.955 0
167.955 0
167.955 0
167.955 0
167.955 0
167.955 0
167.955 0
167.955 0
167.955 0
167.955 0
167.955 0
167.955 0
167.955 0
167.955 0
167.955 0
167.955 0
167.955 0
167.955 0
167.955 0
167.955 0
167.955 0
167.955 0
167.955 0
167.955 0
167.955 0
167.955 0
167.955 0
167.955 0
167.955 0
167.955 0
167.955 0
167.955 0
167.955 0
167.955 0
167.955 0
167.955 0
167.955 0
167.955 0
167.955 0
167.955 0
167.955 0
167.955 0
167.955 0
167.955 0
167.955 0
167.955 0
167.955 0
167.955 0
167.955 0
167.955 0
167.955 0
167.955 0
167.955 0
167.955 0
167.955 0
167.955 0
167.955 0
167.955 0
167.955 0
167.955 0
167.955 0
167.955 0
167.955 0
167.955 0
167.955 0
167.955 0
167.955 0
167.955 0
167.955 0
167.955 0
167.955 0
167.955 0
167.955 0
167.955 0
